3 0.464934 0.304190 0.528726 0.304190 0.528726 0.338786 0.464934 0.338786
4 0.547000 0.304886 0.610802 0.304886 0.610802 0.339482 0.547000 0.339482
0 0.451877 0.272599 0.502453 0.272599 0.502453 0.297230 0.451877 0.297230
7 0.541462 0.234879 0.644906 0.234879 0.644906 0.259531 0.541462 0.259531
5 0.451406 0.237195 0.531811 0.237195 0.531811 0.261847 0.451406 0.261847
9 0.560519 0.208963 0.640925 0.208963 0.640925 0.233615 0.560519 0.233615
8 0.467425 0.211342 0.547830 0.211342 0.547830 0.235994 0.467425 0.235994
12 0.575642 0.138409 0.628660 0.138409 0.628660 0.169268 0.575642 0.169268
14 0.229372 0.515734 0.466153 0.556888 0.451487 0.604714 0.214705 0.563560
6 0.608481 0.268324 0.664906 0.268324 0.664906 0.300852 0.608481 0.300852
1 0.530557 0.270760 0.581142 0.270760 0.581142 0.295391 0.530557 0.295391
2 0.385170 0.303622 0.448962 0.303622 0.448962 0.338210 0.385170 0.338210
