1 0.472001 0.437240 0.516434 0.437240 0.516434 0.502213 0.472001 0.502213
13 0.143384 0.512952 0.278390 0.531842 0.276664 0.570844 0.141657 0.551954
12 0.452279 0.140419 0.493844 0.140419 0.493844 0.188832 0.452279 0.188832
5 0.388492 0.359550 0.466972 0.359550 0.466972 0.425798 0.388492 0.425798
7 0.467877 0.356975 0.546357 0.356975 0.546357 0.423223 0.467877 0.423223
8 0.393353 0.302205 0.466094 0.302205 0.466094 0.358884 0.393353 0.358884
9 0.468239 0.300604 0.540980 0.300604 0.540980 0.357288 0.468239 0.357288
0 0.414298 0.441085 0.458730 0.441085 0.458730 0.506063 0.414298 0.506063
6 0.534707 0.434052 0.579139 0.434052 0.579139 0.499030 0.534707 0.499030
2 0.380618 0.521984 0.426840 0.521984 0.426840 0.595877 0.380618 0.595877
3 0.440290 0.518139 0.489018 0.518139 0.489018 0.595238 0.440290 0.595238
4 0.502103 0.513351 0.550831 0.513351 0.550831 0.590450 0.502103 0.590450
