1 0.551311 0.258450 0.585889 0.258450 0.585889 0.275800 0.551311 0.275800
12 0.528344 0.183125 0.554689 0.183125 0.554689 0.196742 0.528344 0.196742
5 0.478990 0.247098 0.541046 0.239976 0.544676 0.257769 0.482621 0.264891
7 0.541413 0.239473 0.603468 0.232351 0.607098 0.250144 0.545043 0.257266
8 0.474857 0.229323 0.536913 0.222201 0.540543 0.239994 0.478487 0.247116
9 0.537857 0.221314 0.599913 0.214193 0.603543 0.231986 0.541487 0.239107
0 0.504967 0.264558 0.535456 0.264558 0.535456 0.279233 0.504967 0.279233
6 0.599111 0.253417 0.633689 0.253417 0.633689 0.270758 0.599111 0.270758
2 0.475300 0.285025 0.513789 0.285025 0.513789 0.306808 0.475300 0.306808
3 0.525878 0.280392 0.564378 0.280392 0.564378 0.302175 0.525878 0.302175
4 0.576756 0.274525 0.615256 0.274525 0.615256 0.296300 0.576756 0.296300
15 0.552396 0.620292 0.605216 0.615006 0.610871 0.646791 0.558050 0.652077
13 0.228399 0.337035 0.360233 0.327340 0.362290 0.343073 0.230456 0.352768
14 0.437236 0.422370 0.668329 0.399860 0.675464 0.441064 0.444371 0.463574
