3 0.511432 0.398574 0.571232 0.402751 0.567040 0.436774 0.507240 0.432597
2 0.438356 0.391003 0.498156 0.395180 0.493965 0.429196 0.434165 0.425019
1 0.570672 0.374549 0.622224 0.378149 0.619404 0.401034 0.567852 0.397433
0 0.497464 0.368476 0.549026 0.372077 0.546205 0.394969 0.494644 0.391368
7 0.588075 0.343575 0.664652 0.348923 0.661831 0.371815 0.585254 0.366467
5 0.499528 0.337432 0.576104 0.342780 0.573284 0.365672 0.496707 0.360324
6 0.644605 0.377069 0.695763 0.380642 0.692149 0.409969 0.640992 0.406396
4 0.584205 0.405073 0.644005 0.409249 0.639814 0.443265 0.580014 0.439089
9 0.612134 0.320040 0.676885 0.324562 0.674064 0.347453 0.609314 0.342931
8 0.522634 0.316169 0.587385 0.320691 0.584564 0.343583 0.519814 0.339061
12 0.607057 0.260469 0.672085 0.260469 0.672085 0.290717 0.607057 0.290717
14 0.253011 0.575834 0.532045 0.642068 0.515339 0.681957 0.236304 0.615723
