9 0.497729 0.112701 0.520698 0.091715 0.525730 0.109121 0.502761 0.130107
15 0.523328 0.706896 0.545634 0.672303 0.564572 0.710897 0.542266 0.745489
0 0.505308 0.157289 0.519508 0.157289 0.519508 0.173289 0.505308 0.173289
12 0.456317 0.085881 0.471250 0.085881 0.471250 0.104015 0.456317 0.104015
4 0.545733 0.148681 0.565083 0.148681 0.565083 0.173704 0.545733 0.173704
3 0.525808 0.163274 0.545167 0.163274 0.545167 0.188296 0.525808 0.188296
14 0.561844 0.335799 0.648190 0.231869 0.660081 0.263090 0.573735 0.367020
13 0.344943 0.347199 0.431743 0.280103 0.438990 0.309734 0.352190 0.376830
2 0.506308 0.182000 0.525500 0.182000 0.525500 0.204148 0.506308 0.204148
6 0.540908 0.129378 0.555108 0.129378 0.555108 0.145378 0.540908 0.145378
1 0.524408 0.142356 0.538608 0.142356 0.538608 0.158356 0.524408 0.158356
5 0.479791 0.150985 0.502767 0.129992 0.508759 0.150719 0.485783 0.171712
7 0.504007 0.131678 0.526976 0.110692 0.532968 0.131419 0.509999 0.152404
8 0.473804 0.134479 0.496773 0.113493 0.501805 0.130899 0.478836 0.151885
