7 0.611691 0.396966 0.671855 0.407633 0.666531 0.424526 0.606367 0.413859
1 0.611522 0.421533 0.639400 0.421533 0.639400 0.438667 0.611522 0.438667
6 0.656911 0.429767 0.687144 0.429767 0.687144 0.449142 0.656911 0.449142
13 0.293037 0.397105 0.420464 0.426141 0.409585 0.452995 0.282159 0.423959
14 0.445530 0.547900 0.657230 0.593129 0.643904 0.628216 0.432203 0.582988
15 0.471089 0.768243 0.516426 0.775409 0.507867 0.805873 0.462529 0.798708
4 0.622944 0.446567 0.661822 0.446567 0.661822 0.469033 0.622944 0.469033
3 0.574589 0.436992 0.611667 0.436992 0.611667 0.458800 0.574589 0.458800
2 0.526400 0.427433 0.563478 0.427433 0.563478 0.449233 0.526400 0.449233
12 0.618056 0.339783 0.644156 0.339783 0.644156 0.354908 0.618056 0.354908
5 0.551957 0.385699 0.612121 0.396366 0.606799 0.413251 0.546635 0.402584
8 0.557402 0.368491 0.617566 0.379158 0.612242 0.396051 0.552078 0.385384
9 0.617912 0.379841 0.678076 0.390508 0.672754 0.407392 0.612590 0.396726
0 0.565844 0.412750 0.593733 0.412750 0.593733 0.429883 0.565844 0.429883
