14 0.611501 0.507929 0.698893 0.466299 0.703474 0.496694 0.616082 0.538323
2 0.565158 0.334193 0.583133 0.334193 0.583133 0.358756 0.565158 0.358756
6 0.604900 0.303778 0.620800 0.303778 0.620800 0.323126 0.604900 0.323126
1 0.585375 0.305615 0.601275 0.305615 0.601275 0.324978 0.585375 0.324978
0 0.565842 0.307615 0.581742 0.307615 0.581742 0.326978 0.565842 0.326978
9 0.567257 0.263970 0.587210 0.259426 0.588410 0.276075 0.568456 0.280619
8 0.539781 0.267006 0.565554 0.261137 0.566819 0.278682 0.541046 0.284552
7 0.571433 0.281377 0.597188 0.275268 0.598633 0.294519 0.572878 0.300629
5 0.544045 0.285088 0.569817 0.279218 0.571205 0.298483 0.545433 0.304352
3 0.584517 0.330667 0.603842 0.330667 0.603842 0.357052 0.584517 0.357052
13 0.389500 0.387244 0.485775 0.387244 0.485775 0.404800 0.389500 0.404800
12 0.526100 0.210859 0.542000 0.210859 0.542000 0.231111 0.526100 0.231111
4 0.605092 0.326978 0.624417 0.326978 0.624417 0.353378 0.605092 0.353378
