9 0.550059 0.339776 0.606132 0.341538 0.605241 0.357491 0.549168 0.355728
4 0.570289 0.396650 0.605456 0.396650 0.605456 0.415917 0.570289 0.415917
6 0.596167 0.380775 0.623267 0.380775 0.623267 0.394875 0.596167 0.394875
2 0.478667 0.391558 0.513833 0.391558 0.513833 0.410833 0.478667 0.410833
1 0.553311 0.377042 0.580411 0.377042 0.580411 0.391142 0.553311 0.391142
14 0.416293 0.511267 0.630526 0.520532 0.628251 0.550124 0.414018 0.540860
0 0.509344 0.374567 0.536444 0.374567 0.536444 0.388667 0.509344 0.388667
3 0.524122 0.392917 0.559289 0.392917 0.559289 0.412183 0.524122 0.412183
15 0.488518 0.698443 0.528053 0.699997 0.526026 0.729007 0.486491 0.727453
13 0.252015 0.397055 0.372712 0.408812 0.369630 0.426612 0.248932 0.414855
7 0.547848 0.356159 0.603921 0.357922 0.603030 0.373874 0.546957 0.372112
8 0.493103 0.337917 0.549176 0.339680 0.548285 0.355624 0.492212 0.353862
5 0.491848 0.353784 0.547921 0.355547 0.547030 0.371499 0.490957 0.369737
12 0.543800 0.304517 0.572000 0.304517 0.572000 0.319192 0.543800 0.319192
