12 0.436610 0.246001 0.472718 0.246001 0.472718 0.292782 0.436610 0.292782
5 0.377126 0.438118 0.443711 0.439771 0.443286 0.493910 0.376700 0.492257
7 0.445062 0.438665 0.511648 0.440318 0.511223 0.494461 0.444637 0.492808
8 0.382627 0.386754 0.444731 0.388295 0.444335 0.438723 0.382231 0.437181
9 0.446094 0.387494 0.508198 0.389036 0.507802 0.439463 0.445698 0.437922
0 0.399906 0.512729 0.435141 0.512729 0.435141 0.563157 0.399906 0.563157
4 0.469787 0.579361 0.512178 0.579361 0.512178 0.645728 0.469787 0.645728
3 0.417235 0.576177 0.459623 0.576177 0.459623 0.642544 0.417235 0.642544
2 0.365570 0.576182 0.407961 0.576182 0.407961 0.642549 0.365570 0.642549
6 0.502329 0.515666 0.537564 0.515666 0.537564 0.566098 0.502329 0.566098
1 0.449777 0.513011 0.485010 0.513011 0.485010 0.563444 0.449777 0.563444
13 0.160005 0.549801 0.276249 0.579213 0.274063 0.606526 0.157818 0.577114
