3 0.388745 0.351420 0.442311 0.351420 0.442311 0.382884 0.388745 0.382884
2 0.321528 0.351705 0.375094 0.351705 0.375094 0.383168 0.321528 0.383168
1 0.431991 0.318771 0.480170 0.318771 0.480170 0.345447 0.431991 0.345447
0 0.370689 0.321619 0.418868 0.321619 0.418868 0.348295 0.370689 0.348295
7 0.449302 0.287635 0.515425 0.287635 0.515425 0.308011 0.449302 0.308011
5 0.368764 0.290518 0.434887 0.290518 0.434887 0.310902 0.368764 0.310902
14 0.203613 0.547754 0.450476 0.587596 0.439500 0.626138 0.192638 0.586296
8 0.380491 0.269325 0.446613 0.269325 0.446613 0.289702 0.380491 0.289702
9 0.456500 0.265980 0.522613 0.265980 0.522613 0.286364 0.456500 0.286364
12 0.459840 0.200923 0.503462 0.200923 0.503462 0.226903 0.459840 0.226903
6 0.501406 0.318182 0.548019 0.318182 0.548019 0.347088 0.501406 0.347088
4 0.453264 0.351115 0.506830 0.351115 0.506830 0.382578 0.453264 0.382578
