0 0.516089 0.329293 0.580719 0.331155 0.579700 0.351049 0.515070 0.349187
2 0.502089 0.373400 0.540556 0.373400 0.540556 0.396250 0.502089 0.396250
3 0.554689 0.376525 0.593144 0.376525 0.593144 0.399383 0.554689 0.399383
4 0.605111 0.381250 0.645889 0.381250 0.645889 0.404333 0.605111 0.404333
1 0.587022 0.357225 0.619867 0.357225 0.619867 0.376383 0.587022 0.376383
0 0.535778 0.354108 0.568622 0.354108 0.568622 0.373267 0.535778 0.373267
9 0.582589 0.312876 0.647219 0.314738 0.646200 0.334632 0.581570 0.332770
14 0.438085 0.519522 0.672481 0.530274 0.669770 0.563512 0.435375 0.552760
6 0.637122 0.361200 0.669967 0.361200 0.669967 0.380367 0.637122 0.380367
13 0.244679 0.377196 0.381525 0.386717 0.378754 0.409121 0.241908 0.399600
8 0.516567 0.310143 0.581197 0.312005 0.580178 0.331899 0.515548 0.330037
7 0.580600 0.331543 0.645230 0.333405 0.644211 0.353290 0.579581 0.351428
12 0.575922 0.271242 0.604789 0.271242 0.604789 0.286675 0.575922 0.286675
15 0.518946 0.740776 0.562321 0.744252 0.557876 0.775449 0.514501 0.771973
