7 0.469064 0.265257 0.548332 0.245521 0.557559 0.266526 0.478291 0.286262
5 0.385375 0.285079 0.464643 0.265343 0.473870 0.286348 0.394602 0.306084
9 0.477453 0.237715 0.538414 0.222537 0.547641 0.243542 0.486681 0.258720
8 0.399302 0.258063 0.460263 0.242885 0.469490 0.263890 0.408530 0.279068
12 0.454915 0.163480 0.504604 0.163480 0.504604 0.191634 0.454915 0.191634
2 0.367867 0.355019 0.422710 0.341365 0.437992 0.376152 0.383149 0.389807
6 0.542181 0.283686 0.592017 0.271278 0.604366 0.299390 0.554530 0.311798
4 0.505151 0.326099 0.559994 0.312444 0.575273 0.347225 0.520430 0.360880
3 0.433423 0.341717 0.488266 0.328062 0.503548 0.362850 0.448705 0.376504
14 0.361476 0.570468 0.620456 0.553067 0.625477 0.595427 0.366497 0.612828
1 0.476226 0.299484 0.523160 0.287799 0.534019 0.312519 0.487085 0.324204
0 0.407592 0.314427 0.454526 0.302742 0.465389 0.327469 0.418455 0.339154
