8 0.365708 0.369756 0.421178 0.348435 0.426370 0.391130 0.370901 0.412451
13 0.202726 0.580400 0.306854 0.566481 0.307832 0.589604 0.203704 0.603523
4 0.469747 0.499541 0.507068 0.499541 0.507068 0.560137 0.469747 0.560137
3 0.425947 0.515683 0.463269 0.515683 0.463269 0.576279 0.425947 0.576279
2 0.384147 0.532050 0.419988 0.532050 0.419988 0.589559 0.384147 0.589559
6 0.487661 0.436499 0.517520 0.436499 0.517520 0.482504 0.487661 0.482504
1 0.443867 0.450653 0.473728 0.450653 0.473728 0.496662 0.443867 0.496662
0 0.401823 0.467024 0.431682 0.467024 0.431682 0.513029 0.401823 0.513029
9 0.421995 0.347953 0.477467 0.326631 0.482660 0.369331 0.427188 0.390653
5 0.371277 0.412654 0.426746 0.391333 0.432830 0.441359 0.377361 0.462679
12 0.400079 0.219740 0.425213 0.219740 0.425213 0.256455 0.400079 0.256455
7 0.428020 0.392063 0.483490 0.370742 0.489574 0.420768 0.434104 0.442089
