6 0.607140 0.184225 0.658057 0.178085 0.664596 0.208822 0.613679 0.214962
8 0.474933 0.150085 0.538211 0.142454 0.542888 0.164432 0.479609 0.172063
9 0.555631 0.142379 0.618910 0.134748 0.623586 0.156727 0.560307 0.164357
5 0.455192 0.175119 0.535415 0.165445 0.540091 0.187424 0.459868 0.197097
7 0.540607 0.166527 0.620821 0.156854 0.624855 0.175817 0.544642 0.185490
0 0.464643 0.202071 0.514368 0.196075 0.519942 0.222275 0.470217 0.228271
1 0.536756 0.193499 0.586490 0.187502 0.592065 0.213702 0.542331 0.219700
2 0.421879 0.238882 0.471603 0.232886 0.477178 0.259086 0.427453 0.265082
14 0.307283 0.461712 0.621123 0.461712 0.621123 0.508629 0.307283 0.508629
3 0.486880 0.229356 0.542110 0.222697 0.549111 0.255601 0.493881 0.262261
4 0.559644 0.222872 0.614874 0.216212 0.621875 0.249117 0.566645 0.255777
12 0.545425 0.076527 0.601340 0.076527 0.601340 0.103814 0.545425 0.103814
