8 0.494269 0.309128 0.560040 0.293706 0.569278 0.316035 0.503508 0.331458
6 0.636541 0.335549 0.685558 0.324055 0.698101 0.354373 0.649084 0.365867
4 0.585312 0.376238 0.643228 0.362658 0.658141 0.398705 0.600225 0.412286
14 0.359608 0.616449 0.613703 0.620122 0.612420 0.670440 0.358325 0.666767
3 0.512565 0.390698 0.570481 0.377118 0.585397 0.413172 0.527481 0.426753
2 0.441093 0.403617 0.499009 0.390037 0.513926 0.426091 0.456010 0.439672
1 0.563537 0.351355 0.607519 0.341042 0.617416 0.364966 0.573434 0.375279
0 0.493859 0.363983 0.537841 0.353670 0.547736 0.377587 0.503754 0.387900
12 0.570170 0.221697 0.619085 0.221697 0.619085 0.253040 0.570170 0.253040
7 0.567629 0.319238 0.645064 0.301081 0.654305 0.323418 0.576870 0.341575
5 0.480602 0.337193 0.558037 0.319036 0.567275 0.341365 0.489840 0.359523
9 0.578071 0.290876 0.643851 0.275452 0.653089 0.297782 0.587310 0.313206
