1 0.437085 0.344957 0.481906 0.344957 0.481906 0.368416 0.437085 0.368416
3 0.380519 0.371591 0.433962 0.371591 0.433962 0.401697 0.380519 0.401697
9 0.465500 0.295966 0.537377 0.295966 0.537377 0.316719 0.465500 0.316719
8 0.382311 0.296151 0.454189 0.296151 0.454189 0.316896 0.382311 0.316896
12 0.474368 0.240653 0.522783 0.240653 0.522783 0.264297 0.474368 0.264297
4 0.450028 0.373580 0.511415 0.373580 0.511415 0.403679 0.450028 0.403679
6 0.505028 0.341818 0.556792 0.341818 0.556792 0.371918 0.505028 0.371918
0 0.368425 0.344510 0.413255 0.344510 0.413255 0.367969 0.368425 0.367969
7 0.451123 0.317259 0.523000 0.317259 0.523000 0.338011 0.451123 0.338011
5 0.368670 0.317443 0.440538 0.317443 0.440538 0.338189 0.368670 0.338189
14 0.133621 0.548983 0.408801 0.600636 0.396020 0.639227 0.120841 0.587575
2 0.313160 0.372024 0.366604 0.372024 0.366604 0.402131 0.313160 0.402131
