6 0.586774 0.345724 0.643396 0.345724 0.643396 0.376563 0.586774 0.376563
3 0.447830 0.376598 0.509302 0.376598 0.509302 0.410682 0.447830 0.410682
9 0.533481 0.286449 0.615774 0.286449 0.615774 0.313771 0.533481 0.313771
1 0.505443 0.344602 0.558764 0.344602 0.558764 0.372479 0.505443 0.372479
0 0.428189 0.343430 0.481509 0.343430 0.481509 0.371307 0.428189 0.371307
14 0.217710 0.577989 0.551367 0.624544 0.538573 0.676514 0.204916 0.629959
2 0.368142 0.375653 0.429623 0.375653 0.429623 0.409730 0.368142 0.409730
7 0.510660 0.314503 0.615000 0.314503 0.615000 0.335859 0.510660 0.335859
5 0.423849 0.313445 0.506132 0.313445 0.506132 0.334801 0.423849 0.334801
8 0.438840 0.285675 0.521132 0.285675 0.521132 0.313004 0.438840 0.313004
12 0.537642 0.222315 0.589434 0.222315 0.589434 0.249638 0.537642 0.249638
4 0.525953 0.378913 0.596943 0.378913 0.596943 0.418040 0.525953 0.418040
