4 0.656717 0.368904 0.677533 0.368904 0.677533 0.401881 0.656717 0.401881
13 0.397858 0.518447 0.510604 0.480574 0.513801 0.510649 0.401054 0.548522
14 0.672987 0.577971 0.758929 0.509946 0.769921 0.553837 0.683979 0.621861
12 0.558142 0.254341 0.577350 0.254341 0.577350 0.277111 0.558142 0.277111
5 0.580546 0.343213 0.608233 0.321401 0.614904 0.348165 0.587217 0.369977
7 0.612229 0.331399 0.639923 0.309582 0.645679 0.332675 0.617985 0.354493
9 0.607323 0.313137 0.629486 0.295677 0.633619 0.312255 0.611456 0.329716
7 0.575831 0.326874 0.599808 0.307986 0.603944 0.324578 0.579967 0.343466
0 0.609092 0.361570 0.626375 0.361570 0.626375 0.385096 0.609092 0.385096
1 0.632375 0.350119 0.649667 0.350119 0.649667 0.373630 0.632375 0.373630
6 0.656192 0.342904 0.673475 0.342904 0.673475 0.366430 0.656192 0.366430
2 0.607683 0.388059 0.628500 0.388059 0.628500 0.421037 0.607683 0.421037
3 0.633258 0.378948 0.654075 0.378948 0.654075 0.411911 0.633258 0.411911
