2 0.601058 0.263022 0.626242 0.263022 0.626242 0.294326 0.601058 0.294326
7 0.608560 0.205996 0.637136 0.186087 0.641615 0.206404 0.613039 0.226313
4 0.652717 0.244741 0.674325 0.244741 0.674325 0.276044 0.652717 0.276044
3 0.627742 0.251141 0.651000 0.251141 0.651000 0.282444 0.627742 0.282444
9 0.604751 0.184169 0.629486 0.166936 0.633965 0.187253 0.609230 0.204486
14 0.648395 0.448861 0.759050 0.378037 0.767530 0.419910 0.656875 0.490733
13 0.408253 0.379899 0.505238 0.347009 0.507730 0.370234 0.410746 0.403125
8 0.572375 0.197503 0.597110 0.180270 0.601592 0.200601 0.576857 0.217834
0 0.606042 0.233659 0.622342 0.233659 0.622342 0.255481 0.606042 0.255481
12 0.556725 0.133185 0.575350 0.133185 0.575350 0.151615 0.556725 0.151615
1 0.630058 0.225022 0.646358 0.225022 0.646358 0.246844 0.630058 0.246844
5 0.578619 0.219151 0.607194 0.199242 0.611673 0.219560 0.583097 0.239469
15 0.561999 0.819971 0.587577 0.793399 0.601010 0.834266 0.575432 0.860838
6 0.651017 0.218622 0.667317 0.218622 0.667317 0.240444 0.651017 0.240444
