5 0.311074 0.379744 0.374774 0.379744 0.374774 0.436367 0.311074 0.436367
13 0.102404 0.488813 0.215526 0.516004 0.213078 0.548198 0.099955 0.521007
4 0.409266 0.520437 0.449678 0.520437 0.449678 0.593042 0.409266 0.593042
3 0.357669 0.517377 0.398080 0.517377 0.398080 0.589982 0.357669 0.589982
2 0.304348 0.515842 0.344759 0.515842 0.344759 0.588448 0.304348 0.588448
6 0.435062 0.456989 0.471181 0.456989 0.471181 0.512778 0.435062 0.512778
1 0.383894 0.455454 0.420015 0.455454 0.420015 0.511243 0.383894 0.511243
0 0.334430 0.453510 0.367108 0.453510 0.367108 0.504722 0.334430 0.504722
9 0.376007 0.329321 0.439707 0.329321 0.439707 0.378862 0.376007 0.378862
8 0.311062 0.328439 0.374762 0.328439 0.374762 0.377981 0.311062 0.377981
7 0.375508 0.379749 0.439211 0.379749 0.439211 0.436371 0.375508 0.436371
12 0.358938 0.189497 0.392083 0.189497 0.392083 0.230904 0.358938 0.230904
