14 0.717811 0.529049 0.813281 0.441073 0.825289 0.482254 0.729819 0.570231
13 0.423120 0.517381 0.546560 0.452377 0.550622 0.476752 0.427182 0.541756
4 0.696167 0.291496 0.721092 0.291496 0.721092 0.321526 0.696167 0.321526
3 0.670100 0.307881 0.695025 0.307881 0.695025 0.337896 0.670100 0.337896
2 0.643542 0.326474 0.668458 0.326474 0.668458 0.356504 0.643542 0.356504
6 0.692500 0.260681 0.713808 0.260681 0.713808 0.284741 0.692500 0.284741
1 0.666725 0.275526 0.688033 0.275526 0.688033 0.299600 0.666725 0.299600
0 0.641808 0.292933 0.663117 0.292933 0.663117 0.317007 0.641808 0.317007
9 0.637951 0.233820 0.668440 0.213555 0.672949 0.234994 0.642460 0.255260
8 0.602507 0.257632 0.637109 0.234632 0.641618 0.256072 0.607016 0.279071
7 0.643157 0.255576 0.677759 0.232576 0.683668 0.260676 0.649066 0.283676
5 0.608197 0.278601 0.642807 0.255596 0.648720 0.283710 0.614110 0.306715
12 0.578592 0.188489 0.600192 0.188489 0.600192 0.212044 0.578592 0.212044
