2 0.567725 0.294074 0.589917 0.294074 0.589917 0.324889 0.567725 0.324889
4 0.617583 0.272281 0.641483 0.272281 0.641483 0.304948 0.617583 0.304948
14 0.639568 0.482853 0.723168 0.417613 0.733632 0.459991 0.650032 0.525232
13 0.354200 0.432556 0.465749 0.384580 0.469566 0.412630 0.358018 0.460606
15 0.532504 0.885806 0.558484 0.860098 0.573013 0.906505 0.547033 0.932213
12 0.516292 0.155763 0.534283 0.155763 0.534283 0.177585 0.516292 0.177585
5 0.539056 0.247506 0.565757 0.225773 0.571578 0.248376 0.544877 0.270109
7 0.571572 0.233609 0.598273 0.211877 0.604094 0.234479 0.577393 0.256212
8 0.532414 0.224199 0.559107 0.202472 0.564928 0.225075 0.538235 0.246802
9 0.565222 0.210276 0.591923 0.188543 0.597744 0.211146 0.571043 0.232879
0 0.568792 0.262252 0.588267 0.262252 0.588267 0.287467 0.568792 0.287467
1 0.592275 0.251926 0.611750 0.251926 0.611750 0.277141 0.592275 0.277141
6 0.615350 0.242133 0.634825 0.242133 0.634825 0.267348 0.615350 0.267348
3 0.592400 0.281111 0.616300 0.281111 0.616300 0.313778 0.592400 0.313778
