0 0.680092 0.213452 0.698008 0.213452 0.698008 0.236459 0.680092 0.236459
4 0.728742 0.221644 0.752883 0.221644 0.752883 0.253052 0.728742 0.253052
3 0.704358 0.231378 0.728492 0.231378 0.728492 0.262785 0.704358 0.262785
14 0.759473 0.435382 0.837441 0.371042 0.845352 0.401344 0.767384 0.465684
13 0.474302 0.386596 0.585671 0.340158 0.589557 0.369611 0.478187 0.416049
15 0.668454 0.836504 0.693939 0.809710 0.708604 0.853792 0.683119 0.880587
1 0.703492 0.202400 0.721408 0.202400 0.721408 0.225407 0.703492 0.225407
2 0.678842 0.244859 0.702983 0.244859 0.702983 0.276267 0.678842 0.276267
6 0.725383 0.193111 0.743300 0.193111 0.743300 0.216104 0.725383 0.216104
12 0.624058 0.107896 0.643767 0.107896 0.643767 0.134963 0.624058 0.134963
5 0.648049 0.199933 0.677843 0.179918 0.682768 0.203089 0.652974 0.223104
7 0.681649 0.182688 0.711443 0.162674 0.716368 0.185845 0.686574 0.205860
8 0.643582 0.176925 0.673376 0.156911 0.678301 0.180082 0.648507 0.200097
9 0.674682 0.158792 0.704476 0.138777 0.709401 0.161949 0.679607 0.181963
