8 0.320044 0.273428 0.376376 0.263984 0.381345 0.280656 0.325013 0.290100
12 0.357044 0.225358 0.384589 0.225358 0.384589 0.240042 0.357044 0.240042
5 0.326088 0.290494 0.382421 0.281050 0.387389 0.297722 0.331057 0.307166
7 0.383664 0.282596 0.440006 0.273151 0.444803 0.289245 0.388460 0.298691
9 0.379377 0.265228 0.435709 0.255784 0.440678 0.272456 0.384346 0.281900
0 0.359300 0.306700 0.383078 0.306700 0.383078 0.319967 0.359300 0.319967
1 0.399656 0.300258 0.427556 0.300258 0.427556 0.316417 0.399656 0.316417
6 0.446267 0.294258 0.474156 0.294258 0.474156 0.310417 0.446267 0.310417
2 0.335233 0.329083 0.369500 0.329083 0.369500 0.348542 0.335233 0.348542
3 0.381144 0.322467 0.415400 0.322467 0.415400 0.341925 0.381144 0.341925
4 0.425944 0.317075 0.460200 0.317075 0.460200 0.336533 0.425944 0.336533
13 0.118468 0.380768 0.237678 0.371056 0.239910 0.386465 0.120700 0.396178
14 0.331130 0.473811 0.544127 0.448223 0.550003 0.475739 0.337007 0.501327
15 0.486435 0.669196 0.535114 0.661236 0.544587 0.693820 0.495908 0.701781
