2 0.356830 0.532885 0.412312 0.543427 0.407307 0.626691 0.351824 0.616150
8 0.399681 0.326248 0.464952 0.338648 0.461115 0.402482 0.395844 0.390082
12 0.466773 0.174290 0.506895 0.174290 0.506895 0.238488 0.466773 0.238488
9 0.473724 0.340300 0.538992 0.352700 0.535155 0.416534 0.469887 0.404134
5 0.392858 0.391331 0.458129 0.403732 0.454292 0.467566 0.389021 0.455165
0 0.404589 0.469791 0.446853 0.477821 0.443016 0.541655 0.400751 0.533625
13 0.126444 0.464492 0.258524 0.523908 0.253841 0.556813 0.121761 0.497397
1 0.464239 0.485148 0.506503 0.493178 0.502666 0.557012 0.460402 0.548982
7 0.468168 0.406693 0.533437 0.419094 0.529599 0.482928 0.464331 0.470527
0 0.396514 0.375965 0.466272 0.396273 0.459267 0.472315 0.389509 0.452007
12 0.469427 0.179220 0.508125 0.179220 0.508125 0.228757 0.469427 0.228757
6 0.526058 0.493062 0.571731 0.501740 0.567399 0.573803 0.521726 0.565125
4 0.480436 0.563613 0.535919 0.574154 0.530913 0.657419 0.475431 0.646878
3 0.419017 0.549896 0.474500 0.560437 0.469495 0.643702 0.414012 0.633161
