6 0.489377 0.307805 0.550698 0.307805 0.550698 0.339311 0.489377 0.339311
3 0.351557 0.341555 0.412868 0.341555 0.412868 0.373054 0.351557 0.373054
2 0.277264 0.342074 0.338585 0.342074 0.338585 0.373580 0.277264 0.373580
1 0.413651 0.309055 0.470142 0.309055 0.470142 0.334815 0.413651 0.334815
14 0.107877 0.542795 0.397185 0.599528 0.381350 0.645295 0.092041 0.588561
12 0.446368 0.181818 0.503321 0.181818 0.503321 0.213778 0.446368 0.213778
8 0.345104 0.254261 0.432283 0.254261 0.432283 0.276023 0.345104 0.276023
9 0.438142 0.251974 0.525321 0.251974 0.525321 0.273736 0.438142 0.273736
5 0.330708 0.276229 0.417896 0.276229 0.417896 0.297990 0.330708 0.297990
7 0.428745 0.276591 0.515925 0.276591 0.515925 0.298352 0.428745 0.298352
0 0.335028 0.309254 0.391509 0.309254 0.391509 0.335014 0.335028 0.335014
4 0.434726 0.343175 0.496047 0.343175 0.496047 0.374680 0.434726 0.374680
