12 0.656678 0.147375 0.704456 0.147375 0.704456 0.173592 0.656678 0.173592
4 0.678821 0.273337 0.723323 0.288337 0.709390 0.311588 0.664888 0.296588
3 0.624834 0.261253 0.667390 0.275597 0.653088 0.299464 0.610532 0.285120
13 0.277992 0.217863 0.426170 0.251628 0.411897 0.286862 0.263718 0.253097
2 0.564179 0.249450 0.608275 0.264313 0.594721 0.286934 0.550625 0.272070
6 0.717925 0.257769 0.751958 0.266260 0.742386 0.287839 0.708353 0.279348
14 0.457974 0.400776 0.718227 0.448719 0.704504 0.490624 0.444250 0.442681
0 0.660056 0.245194 0.694089 0.253685 0.684522 0.275256 0.650489 0.266765
0 0.606267 0.233048 0.637847 0.242474 0.627145 0.262644 0.595564 0.253218
9 0.673958 0.191932 0.740265 0.206004 0.730309 0.232393 0.664001 0.218321
7 0.657049 0.218055 0.729599 0.232737 0.721295 0.255820 0.648745 0.241138
5 0.588971 0.204576 0.655268 0.218646 0.647218 0.239983 0.580921 0.225913
8 0.601369 0.177465 0.667676 0.191538 0.657720 0.217926 0.591412 0.203854
