13 0.387656 0.460274 0.500360 0.439215 0.502186 0.470097 0.389482 0.491156
14 0.669997 0.565009 0.770196 0.514603 0.776670 0.555273 0.676471 0.605679
5 0.587702 0.302391 0.617983 0.287966 0.621848 0.313609 0.591567 0.328034
7 0.622035 0.292198 0.652317 0.277773 0.656182 0.303417 0.625900 0.317842
8 0.583351 0.283013 0.613633 0.268588 0.616616 0.288379 0.586334 0.302804
9 0.616001 0.271682 0.646291 0.257253 0.649274 0.277044 0.618984 0.291473
0 0.616217 0.325689 0.634383 0.325689 0.634383 0.349141 0.616217 0.349141
1 0.641967 0.318830 0.660133 0.318830 0.660133 0.342267 0.641967 0.342267
4 0.665600 0.342474 0.690250 0.342474 0.690250 0.377896 0.665600 0.377896
6 0.667100 0.311748 0.685267 0.311748 0.685267 0.335185 0.667100 0.335185
2 0.612858 0.357748 0.637500 0.357748 0.637500 0.393185 0.612858 0.393185
12 0.567200 0.206696 0.587850 0.206696 0.587850 0.231467 0.567200 0.231467
3 0.639225 0.350430 0.663875 0.350430 0.663875 0.385867 0.639225 0.385867
