13 0.166105 0.270419 0.296116 0.349553 0.288315 0.390062 0.158303 0.310928
4 0.505218 0.454409 0.554980 0.454409 0.554980 0.532262 0.505218 0.532262
3 0.447490 0.426102 0.497252 0.426102 0.497252 0.503959 0.447490 0.503959
2 0.387763 0.404427 0.437525 0.404427 0.437525 0.476984 0.387763 0.476984
6 0.550796 0.393585 0.593098 0.393585 0.593098 0.452566 0.550796 0.452566
1 0.493564 0.367778 0.535866 0.367778 0.535866 0.426759 0.493564 0.426759
0 0.436116 0.343823 0.478418 0.343823 0.478418 0.402804 0.436116 0.402804
12 0.518929 0.065917 0.558043 0.065917 0.558043 0.112632 0.518929 0.112632
5 0.430116 0.242298 0.494099 0.272140 0.484207 0.339179 0.420223 0.309338
7 0.501745 0.275610 0.574708 0.309639 0.565199 0.374072 0.492237 0.340043
8 0.443710 0.178520 0.507693 0.208361 0.497801 0.275396 0.433818 0.245555
9 0.511656 0.219345 0.575639 0.249186 0.567474 0.304518 0.503491 0.274677
