0 0.477111 0.387892 0.509144 0.387892 0.509144 0.406308 0.477111 0.406308
9 0.505989 0.346875 0.572922 0.336388 0.577166 0.351625 0.510234 0.362112
1 0.526244 0.380825 0.558278 0.380825 0.558278 0.399242 0.526244 0.399242
6 0.574656 0.374417 0.606689 0.374417 0.606689 0.392842 0.574656 0.392842
2 0.452567 0.410992 0.492111 0.410992 0.492111 0.434500 0.452567 0.434500
15 0.594956 0.753542 0.641169 0.747742 0.647611 0.776616 0.601398 0.782416
14 0.428642 0.561926 0.681996 0.531150 0.688235 0.560041 0.434881 0.590816
13 0.217798 0.473380 0.350425 0.459931 0.352946 0.473920 0.220320 0.487369
4 0.554878 0.396967 0.594422 0.396967 0.594422 0.420475 0.554878 0.420475
3 0.502556 0.404708 0.542100 0.404708 0.542100 0.428217 0.502556 0.428217
12 0.481733 0.303533 0.519822 0.303533 0.519822 0.321683 0.481733 0.321683
5 0.442690 0.372588 0.509622 0.362101 0.514644 0.380128 0.447711 0.390616
7 0.510201 0.362237 0.577122 0.351752 0.582144 0.369779 0.515222 0.380265
8 0.437589 0.354762 0.504511 0.344277 0.509533 0.362304 0.442611 0.372790
