12 0.561075 0.221378 0.581383 0.221378 0.581383 0.246326 0.561075 0.246326
13 0.420299 0.551692 0.529548 0.474795 0.534784 0.498308 0.425536 0.575205
14 0.691970 0.538565 0.794512 0.427727 0.809288 0.470931 0.706746 0.581769
4 0.674350 0.309526 0.698983 0.309526 0.698983 0.342474 0.674350 0.342474
3 0.651358 0.328267 0.673417 0.328267 0.673417 0.358504 0.651358 0.358504
2 0.626908 0.347807 0.649333 0.347807 0.649333 0.379259 0.626908 0.379259
6 0.670450 0.280548 0.689950 0.280548 0.689950 0.304844 0.670450 0.304844
1 0.648333 0.298385 0.667833 0.298385 0.667833 0.322667 0.648333 0.322667
0 0.623700 0.317881 0.643567 0.317881 0.643567 0.340919 0.623700 0.340919
9 0.616612 0.264040 0.646725 0.238390 0.651863 0.257456 0.621750 0.283106
8 0.584595 0.289240 0.614709 0.263590 0.619847 0.282656 0.589733 0.308306
7 0.622190 0.283988 0.652296 0.258345 0.659760 0.286041 0.629654 0.311685
5 0.590915 0.307740 0.621029 0.282090 0.628493 0.309786 0.598379 0.335436
