6 0.661632 0.304332 0.712245 0.304332 0.712245 0.332649 0.661632 0.332649
4 0.600509 0.333892 0.660189 0.333892 0.660189 0.367656 0.600509 0.367656
1 0.583726 0.302685 0.639585 0.302685 0.639585 0.328849 0.583726 0.328849
0 0.512906 0.297557 0.568774 0.297557 0.568774 0.323722 0.512906 0.323722
7 0.601840 0.273913 0.680443 0.273913 0.680443 0.295902 0.601840 0.295902
5 0.514840 0.271207 0.593443 0.271207 0.593443 0.293196 0.514840 0.293196
9 0.620783 0.251179 0.688821 0.251179 0.688821 0.273168 0.620783 0.273168
8 0.536396 0.249112 0.604434 0.249112 0.604434 0.271108 0.536396 0.271108
12 0.633717 0.191065 0.675906 0.191065 0.675906 0.216875 0.633717 0.216875
14 0.306828 0.504793 0.533128 0.565793 0.513974 0.606067 0.287674 0.545066
3 0.525726 0.329922 0.585406 0.329922 0.585406 0.363686 0.525726 0.363686
2 0.456925 0.324339 0.516604 0.324339 0.516604 0.358097 0.456925 0.358097
