13 0.175314 0.520823 0.282956 0.575695 0.277657 0.608547 0.170016 0.553674
12 0.474990 0.267081 0.507185 0.267081 0.507185 0.316614 0.474990 0.316614
5 0.396236 0.446039 0.458477 0.460606 0.453819 0.523507 0.391578 0.508940
4 0.464576 0.610251 0.505789 0.610251 0.505789 0.680851 0.464576 0.680851
3 0.413217 0.597509 0.454430 0.597509 0.454430 0.668108 0.413217 0.668108
7 0.459852 0.459394 0.522093 0.473962 0.517435 0.536862 0.455194 0.522295
8 0.401671 0.389794 0.463912 0.404361 0.459817 0.459655 0.397576 0.445088
9 0.465161 0.403572 0.527401 0.418140 0.523307 0.473434 0.461066 0.458867
0 0.405161 0.530353 0.438306 0.530353 0.438306 0.581843 0.405161 0.581843
2 0.363502 0.588483 0.404717 0.588483 0.404717 0.659083 0.363502 0.659083
6 0.503247 0.551327 0.536391 0.551327 0.536391 0.602817 0.503247 0.602817
1 0.454276 0.541768 0.487421 0.541768 0.487421 0.593263 0.454276 0.593263
