6 0.579367 0.301985 0.600517 0.301985 0.600517 0.328089 0.579367 0.328089
9 0.530677 0.248573 0.568446 0.237457 0.570573 0.260301 0.532804 0.271417
14 0.573020 0.577427 0.687837 0.519667 0.692872 0.551299 0.578055 0.609059
8 0.490640 0.259020 0.528141 0.245335 0.530760 0.268017 0.493259 0.281702
4 0.577500 0.334948 0.602383 0.334948 0.602383 0.368563 0.577500 0.368563
3 0.550875 0.337156 0.575758 0.337156 0.575758 0.370785 0.550875 0.370785
13 0.288617 0.420356 0.407517 0.420356 0.407517 0.446356 0.288617 0.446356
7 0.534662 0.272194 0.572505 0.261899 0.575055 0.291525 0.537212 0.301819
5 0.494604 0.284186 0.532106 0.270500 0.535496 0.299859 0.497994 0.313544
0 0.526242 0.309719 0.547392 0.309719 0.547392 0.335822 0.526242 0.335822
12 0.480458 0.179674 0.504592 0.179674 0.504592 0.205319 0.480458 0.205319
2 0.523258 0.343348 0.548142 0.343348 0.548142 0.376963 0.523258 0.376963
1 0.552992 0.305526 0.574142 0.305526 0.574142 0.331630 0.552992 0.331630
