3 0.404133 0.255167 0.439644 0.255167 0.439644 0.274717 0.404133 0.274717
2 0.356756 0.257758 0.392278 0.257758 0.392278 0.277308 0.356756 0.277308
6 0.478489 0.234350 0.505400 0.234350 0.505400 0.251325 0.478489 0.251325
1 0.434067 0.234667 0.460978 0.234667 0.460978 0.251642 0.434067 0.251642
0 0.388589 0.236117 0.415500 0.236117 0.415500 0.253100 0.388589 0.253100
9 0.427098 0.199321 0.484289 0.197673 0.485025 0.212037 0.427833 0.213685
8 0.368653 0.201579 0.425844 0.199931 0.426580 0.214296 0.369389 0.215944
7 0.427031 0.214030 0.484222 0.212382 0.485091 0.229353 0.427900 0.231001
5 0.369387 0.216130 0.426578 0.214482 0.427447 0.231445 0.370256 0.233093
12 0.415878 0.156458 0.450289 0.156458 0.450289 0.174425 0.415878 0.174425
14 0.283689 0.395008 0.507356 0.395008 0.507356 0.425425 0.283689 0.425425
13 0.132044 0.280983 0.252467 0.280983 0.252467 0.303183 0.132044 0.303183
4 0.450267 0.254525 0.487111 0.254525 0.487111 0.275333 0.450267 0.275333
