12 0.345189 0.343008 0.370667 0.343008 0.370667 0.358233 0.345189 0.358233
5 0.302621 0.396387 0.359293 0.396981 0.358991 0.413221 0.302318 0.412627
7 0.359998 0.397079 0.416671 0.397673 0.416368 0.413913 0.359696 0.413319
8 0.302398 0.378596 0.359071 0.379189 0.358768 0.395429 0.302096 0.394836
9 0.359765 0.380662 0.416437 0.381256 0.416135 0.397504 0.359463 0.396911
0 0.326200 0.416033 0.351778 0.416033 0.351778 0.431242 0.326200 0.431242
1 0.369178 0.417250 0.395444 0.417250 0.395444 0.433500 0.369178 0.433500
6 0.414444 0.420700 0.440711 0.420700 0.440711 0.436950 0.414444 0.436950
2 0.297633 0.433483 0.333344 0.433483 0.333344 0.451800 0.297633 0.451800
3 0.343833 0.436775 0.379544 0.436775 0.379544 0.455092 0.343833 0.455092
4 0.391756 0.438158 0.427467 0.438158 0.427467 0.456475 0.391756 0.456475
15 0.375378 0.750625 0.416022 0.750625 0.416022 0.780067 0.375378 0.780067
13 0.078686 0.439361 0.197814 0.450331 0.194714 0.469264 0.075586 0.458294
14 0.276273 0.557701 0.486828 0.564596 0.485016 0.595733 0.274461 0.588838
