6 0.540492 0.152889 0.559100 0.152889 0.559100 0.174341 0.540492 0.174341
13 0.313427 0.389273 0.414389 0.323945 0.419314 0.348001 0.318352 0.413329
14 0.562454 0.381039 0.658129 0.287918 0.670071 0.326695 0.574396 0.419815
4 0.545350 0.179985 0.567367 0.179985 0.567367 0.210474 0.545350 0.210474
3 0.522483 0.193896 0.544508 0.193896 0.544508 0.224400 0.522483 0.224400
12 0.442133 0.095304 0.460417 0.095304 0.460417 0.116978 0.442133 0.116978
5 0.467941 0.178343 0.496871 0.150302 0.502675 0.169228 0.473746 0.197268
7 0.499830 0.156506 0.526191 0.130954 0.531995 0.149880 0.505634 0.175431
8 0.460460 0.160653 0.489390 0.132612 0.495190 0.151525 0.466260 0.179565
9 0.492850 0.136566 0.517075 0.113085 0.522875 0.131997 0.498650 0.155478
0 0.498367 0.183170 0.516975 0.183170 0.516975 0.204622 0.498367 0.204622
1 0.520592 0.167941 0.539200 0.167941 0.539200 0.189393 0.520592 0.189393
2 0.500058 0.210844 0.522083 0.210844 0.522083 0.241333 0.500058 0.241333
