2 0.351411 0.387250 0.386511 0.387250 0.386511 0.406942 0.351411 0.406942
13 0.131698 0.437558 0.256889 0.431322 0.258079 0.444759 0.132888 0.450995
1 0.417656 0.360900 0.444000 0.360900 0.444000 0.375583 0.417656 0.375583
0 0.375211 0.366583 0.400933 0.366583 0.400933 0.379683 0.375211 0.379683
14 0.349983 0.531404 0.554085 0.507433 0.559584 0.533771 0.355482 0.557742
12 0.376122 0.283192 0.402333 0.283192 0.402333 0.296875 0.376122 0.296875
5 0.345530 0.347679 0.398496 0.340746 0.402481 0.357871 0.349515 0.364804
7 0.399162 0.340465 0.460698 0.332410 0.464683 0.349535 0.403146 0.357590
8 0.340986 0.330245 0.393942 0.323314 0.397925 0.340430 0.344970 0.347361
9 0.394939 0.323189 0.451878 0.315736 0.455861 0.332852 0.398922 0.340306
6 0.461689 0.355642 0.491156 0.355642 0.491156 0.372167 0.461689 0.372167
4 0.441567 0.377475 0.476678 0.377475 0.476678 0.397167 0.441567 0.397167
3 0.397789 0.381942 0.432900 0.381942 0.432900 0.401633 0.397789 0.401633
15 0.486794 0.712409 0.527198 0.705413 0.536028 0.734100 0.495624 0.741096
