3 0.520016 0.330695 0.586538 0.336401 0.581032 0.372785 0.514509 0.367079
1 0.590488 0.306225 0.638292 0.310326 0.634248 0.337042 0.586444 0.332942
0 0.518271 0.298661 0.566075 0.302762 0.562031 0.329478 0.514227 0.325378
7 0.606862 0.275057 0.685308 0.281786 0.681732 0.305411 0.603287 0.298683
5 0.516730 0.266591 0.595184 0.273320 0.591610 0.296939 0.513155 0.290209
12 0.639415 0.186946 0.695500 0.186946 0.695500 0.217259 0.639415 0.217259
9 0.628048 0.251001 0.696914 0.256908 0.693339 0.280533 0.624473 0.274626
14 0.265171 0.511369 0.528576 0.588683 0.507942 0.628525 0.244537 0.551210
8 0.541916 0.244410 0.610772 0.250316 0.607198 0.273935 0.538341 0.268029
6 0.665238 0.313505 0.717120 0.317955 0.712224 0.350302 0.660343 0.345852
4 0.595666 0.339999 0.662189 0.345705 0.656683 0.382089 0.590160 0.376383
2 0.449833 0.322031 0.511210 0.327296 0.505676 0.363856 0.444300 0.358592
