5 0.439808 0.272297 0.503675 0.274472 0.502526 0.293461 0.438658 0.291286
7 0.504230 0.274597 0.568097 0.276772 0.566948 0.295761 0.503080 0.293586
8 0.441252 0.253139 0.505120 0.255314 0.503970 0.274303 0.440103 0.272128
0 0.460900 0.296992 0.489511 0.296992 0.489511 0.314700 0.460900 0.314700
1 0.510911 0.299792 0.539522 0.299792 0.539522 0.317508 0.510911 0.317508
15 0.425499 0.685015 0.473709 0.686152 0.472267 0.720560 0.424058 0.719423
4 0.528389 0.322908 0.571200 0.322908 0.571200 0.344508 0.528389 0.344508
13 0.163974 0.320276 0.296030 0.329463 0.292981 0.354108 0.160926 0.344920
13 0.352733 0.455485 0.590551 0.468896 0.586489 0.509407 0.348672 0.495996
3 0.473667 0.319158 0.516478 0.319158 0.516478 0.340758 0.473667 0.340758
2 0.423844 0.316142 0.466656 0.316142 0.466656 0.337742 0.423844 0.337742
9 0.506341 0.255297 0.570209 0.257472 0.569059 0.276461 0.505191 0.274286
6 0.561022 0.303825 0.589633 0.303825 0.589633 0.321542 0.561022 0.321542
12 0.502956 0.213892 0.527500 0.213892 0.527500 0.228050 0.502956 0.228050
