5 0.468566 0.191484 0.542170 0.191484 0.542170 0.215746 0.468566 0.215746
14 0.236780 0.449796 0.567929 0.505522 0.553334 0.554678 0.222185 0.498953
12 0.580453 0.102060 0.631075 0.102060 0.631075 0.131293 0.580453 0.131293
1 0.543358 0.225483 0.595094 0.225483 0.595094 0.249744 0.543358 0.249744
2 0.404142 0.250384 0.470283 0.250384 0.470283 0.283949 0.404142 0.283949
3 0.478623 0.254396 0.544764 0.254396 0.544764 0.287962 0.478623 0.287962
4 0.557151 0.257429 0.623292 0.257429 0.623292 0.290994 0.557151 0.290994
6 0.618708 0.229048 0.676792 0.229048 0.676792 0.255696 0.618708 0.255696
7 0.560038 0.193217 0.633642 0.193217 0.633642 0.217479 0.560038 0.217479
0 0.467415 0.223104 0.519151 0.223104 0.519151 0.247365 0.467415 0.247365
9 0.577000 0.168963 0.650613 0.168963 0.650613 0.193224 0.577000 0.193224
8 0.484368 0.166690 0.557981 0.166690 0.557981 0.190952 0.484368 0.190952
