2 0.431600 0.600445 0.469668 0.600445 0.469668 0.660626 0.431600 0.660626
4 0.524665 0.560622 0.562731 0.560622 0.562731 0.620802 0.524665 0.620802
8 0.420742 0.435066 0.478187 0.411864 0.484456 0.460918 0.427011 0.484120
12 0.460759 0.288241 0.490427 0.288241 0.490427 0.328757 0.460759 0.328757
5 0.425715 0.485241 0.483158 0.462040 0.489426 0.511090 0.431984 0.534291
7 0.484247 0.459854 0.541429 0.434697 0.548225 0.483524 0.491044 0.508681
9 0.478396 0.414248 0.535841 0.391045 0.541644 0.436454 0.484199 0.459656
0 0.454127 0.534087 0.484732 0.534087 0.484732 0.580093 0.454127 0.580093
13 0.247267 0.668056 0.354111 0.648091 0.355633 0.673832 0.248788 0.693796
1 0.499281 0.514184 0.529888 0.514184 0.529888 0.560190 0.499281 0.560190
6 0.546312 0.495163 0.576917 0.495163 0.576917 0.541168 0.546312 0.541168
3 0.477884 0.580529 0.515952 0.580529 0.515952 0.640710 0.477884 0.640710
