8 0.454075 0.357504 0.521935 0.332740 0.527830 0.383792 0.459969 0.408556
2 0.466391 0.547972 0.511781 0.547972 0.511781 0.618034 0.466391 0.618034
12 0.502535 0.187535 0.539561 0.187535 0.539561 0.233717 0.502535 0.233717
5 0.460645 0.409058 0.528506 0.384294 0.535743 0.446973 0.467883 0.471737
7 0.527979 0.383036 0.595840 0.358271 0.603077 0.420950 0.535216 0.445715
3 0.521930 0.526746 0.567321 0.526746 0.567321 0.596808 0.521930 0.596808
4 0.576275 0.510291 0.621667 0.510291 0.621667 0.580348 0.576275 0.580348
6 0.598073 0.436499 0.638088 0.436499 0.638088 0.488523 0.598073 0.488523
0 0.492681 0.472597 0.532093 0.472597 0.532093 0.522487 0.492681 0.522487
9 0.522378 0.331517 0.590239 0.306752 0.596134 0.357809 0.528273 0.382573
13 0.252152 0.605226 0.374912 0.592260 0.375913 0.622216 0.253153 0.635182
1 0.546121 0.452959 0.586136 0.452959 0.586136 0.504982 0.546121 0.504982
