9 0.503948 0.193812 0.578262 0.195077 0.577652 0.215255 0.503338 0.213990
15 0.445120 0.673281 0.495781 0.676204 0.491669 0.716286 0.441008 0.713362
14 0.347662 0.424625 0.617048 0.436982 0.613827 0.476475 0.344441 0.464118
12 0.495100 0.143342 0.525856 0.143342 0.525856 0.163525 0.495100 0.163525
13 0.128781 0.271916 0.280151 0.288276 0.276263 0.308509 0.124894 0.292149
4 0.531811 0.268158 0.577289 0.268158 0.577289 0.293742 0.531811 0.293742
3 0.473722 0.265000 0.519211 0.265000 0.519211 0.290583 0.473722 0.290583
2 0.414400 0.262500 0.459889 0.262500 0.459889 0.288083 0.414400 0.288083
6 0.564689 0.246925 0.604233 0.246925 0.604233 0.266392 0.564689 0.266392
1 0.507333 0.242475 0.546889 0.242475 0.546889 0.261942 0.507333 0.261942
0 0.450744 0.239417 0.490289 0.239417 0.490289 0.258875 0.450744 0.258875
8 0.428348 0.191887 0.502662 0.193152 0.502052 0.213330 0.427738 0.212065
7 0.502670 0.214629 0.576985 0.215893 0.576374 0.236071 0.502060 0.234807
5 0.427093 0.212754 0.501407 0.214018 0.500796 0.234196 0.426482 0.232932
