8 0.649178 0.265246 0.679271 0.259907 0.680580 0.283228 0.650488 0.288567
4 0.717792 0.335437 0.738450 0.335437 0.738450 0.367052 0.717792 0.367052
3 0.695475 0.339289 0.716125 0.339289 0.716125 0.370904 0.695475 0.370904
2 0.672258 0.342607 0.692917 0.342607 0.692917 0.374222 0.672258 0.374222
6 0.718458 0.306341 0.735858 0.306341 0.735858 0.330874 0.718458 0.330874
1 0.697342 0.310400 0.714742 0.310400 0.714742 0.334933 0.697342 0.334933
9 0.680251 0.264777 0.704165 0.260534 0.705249 0.279845 0.681335 0.284089
14 0.711901 0.538361 0.807902 0.492312 0.812582 0.523150 0.716582 0.569199
13 0.478867 0.406133 0.576625 0.406133 0.576625 0.427304 0.478867 0.427304
12 0.637275 0.206385 0.656242 0.206385 0.656242 0.226015 0.637275 0.226015
7 0.682303 0.284238 0.712387 0.278900 0.713697 0.302221 0.683613 0.307559
0 0.675558 0.313911 0.692958 0.313911 0.692958 0.338444 0.675558 0.338444
5 0.651720 0.288520 0.681812 0.283181 0.683122 0.306502 0.653029 0.311842
