8 0.569466 0.172278 0.603351 0.155005 0.606884 0.176907 0.572999 0.194180
7 0.610307 0.180425 0.644192 0.163152 0.648193 0.187960 0.614308 0.205233
5 0.573899 0.195922 0.607783 0.178648 0.611785 0.203456 0.577900 0.220729
4 0.656850 0.229748 0.681275 0.229748 0.681275 0.264281 0.656850 0.264281
3 0.629975 0.238148 0.654400 0.238148 0.654400 0.272696 0.629975 0.272696
2 0.603500 0.248563 0.627917 0.248563 0.627917 0.283111 0.603500 0.283111
6 0.656742 0.199022 0.673917 0.199022 0.673917 0.225111 0.656742 0.225111
1 0.632858 0.205215 0.650025 0.205215 0.650025 0.231304 0.632858 0.231304
13 0.374324 0.375396 0.493206 0.350943 0.494634 0.372885 0.375752 0.397339
14 0.674683 0.456976 0.751174 0.402862 0.758525 0.435705 0.682035 0.489820
15 0.548477 0.843149 0.574423 0.817791 0.588298 0.862658 0.562352 0.888016
12 0.554800 0.095081 0.573467 0.095081 0.573467 0.117481 0.554800 0.117481
0 0.606108 0.215630 0.623283 0.215630 0.623283 0.241719 0.606108 0.241719
9 0.606064 0.157551 0.636920 0.141821 0.640453 0.163723 0.609596 0.179453
