9 0.379049 0.214633 0.448397 0.201325 0.455385 0.221965 0.386037 0.235273
6 0.437558 0.259001 0.493029 0.248357 0.504461 0.282121 0.448990 0.292766
4 0.392737 0.301422 0.448199 0.290779 0.459631 0.324543 0.404169 0.335187
3 0.313577 0.310876 0.369048 0.300232 0.380480 0.333996 0.325008 0.344641
2 0.243284 0.322744 0.298756 0.312099 0.310188 0.345864 0.254716 0.356508
1 0.363166 0.272417 0.415109 0.262450 0.423626 0.287604 0.371683 0.297572
0 0.290674 0.284867 0.342608 0.274901 0.351127 0.300062 0.299194 0.310028
7 0.366239 0.240518 0.458131 0.222884 0.465119 0.243524 0.373227 0.261157
5 0.270692 0.255213 0.362593 0.237578 0.369581 0.258217 0.277680 0.275853
8 0.290821 0.228497 0.360170 0.215189 0.367160 0.235836 0.297812 0.249143
12 0.365981 0.143487 0.417208 0.143487 0.417208 0.175497 0.365981 0.175497
14 0.195477 0.552168 0.440998 0.544098 0.443674 0.590247 0.198153 0.598317
