12 0.514075 0.311173 0.547185 0.311173 0.547185 0.353219 0.514075 0.353219
4 0.518606 0.639475 0.561166 0.639475 0.561166 0.704453 0.518606 0.704453
3 0.467433 0.624189 0.509995 0.624189 0.509995 0.689167 0.467433 0.689167
2 0.417329 0.610825 0.458177 0.610825 0.458177 0.672743 0.417329 0.672743
6 0.555580 0.583673 0.588688 0.583673 0.588688 0.637950 0.555580 0.637950
1 0.504841 0.566093 0.537951 0.566093 0.537951 0.620366 0.504841 0.620366
5 0.444790 0.475660 0.506039 0.491545 0.501383 0.548286 0.440134 0.532401
7 0.507719 0.491943 0.568968 0.507828 0.564312 0.564569 0.503063 0.548684
8 0.448945 0.426654 0.510194 0.442539 0.506265 0.490418 0.445016 0.474533
9 0.512085 0.442862 0.573334 0.458747 0.569405 0.506626 0.508156 0.490742
0 0.455169 0.552729 0.488276 0.552729 0.488276 0.607002 0.455169 0.607002
13 0.224063 0.528081 0.332869 0.587219 0.328385 0.613294 0.219579 0.554156
