7 0.615276 0.164045 0.646664 0.151470 0.650049 0.178177 0.618661 0.190753
8 0.578859 0.156611 0.610247 0.144036 0.612466 0.161537 0.581078 0.174113
9 0.612912 0.144707 0.636528 0.135245 0.638829 0.153397 0.615213 0.162859
12 0.570600 0.078948 0.587592 0.078948 0.587592 0.103007 0.570600 0.103007
1 0.631392 0.194533 0.650575 0.194533 0.650575 0.219422 0.631392 0.219422
6 0.653508 0.187156 0.672692 0.187156 0.672692 0.212044 0.653508 0.212044
13 0.400221 0.342826 0.506653 0.315223 0.508987 0.343663 0.402555 0.371266
2 0.605300 0.236000 0.625750 0.236000 0.625750 0.269185 0.605300 0.269185
3 0.629717 0.226326 0.652783 0.226326 0.652783 0.261363 0.629717 0.261363
14 0.629282 0.464332 0.747801 0.399110 0.752668 0.427061 0.634149 0.492283
4 0.654508 0.218637 0.675692 0.218637 0.675692 0.253674 0.654508 0.253674
15 0.525278 0.827920 0.552472 0.807100 0.563864 0.854124 0.536670 0.874945
5 0.583667 0.174578 0.615055 0.162003 0.618441 0.188711 0.587053 0.201286
0 0.607800 0.201141 0.626983 0.201141 0.626983 0.226030 0.607800 0.226030
