0 0.567492 0.163644 0.584767 0.163644 0.584767 0.185763 0.567492 0.185763
9 0.560610 0.108609 0.588490 0.087365 0.593940 0.109969 0.566060 0.131213
8 0.526583 0.134699 0.558784 0.110164 0.564233 0.132768 0.532033 0.157303
12 0.507800 0.068800 0.528125 0.068800 0.528125 0.092741 0.507800 0.092741
5 0.533280 0.156444 0.565480 0.131909 0.571970 0.158830 0.539770 0.183365
7 0.566186 0.133082 0.598387 0.108547 0.604880 0.135481 0.572680 0.160016
13 0.368646 0.377125 0.477441 0.313908 0.481562 0.336327 0.372768 0.399543
15 0.572655 0.778315 0.596938 0.748199 0.613420 0.790203 0.589137 0.820319
14 0.645943 0.377216 0.731229 0.285391 0.742332 0.317984 0.657046 0.409809
4 0.616017 0.162311 0.638867 0.162311 0.638867 0.192059 0.616017 0.192059
3 0.592150 0.176326 0.615000 0.176326 0.615000 0.206074 0.592150 0.206074
2 0.568767 0.194563 0.589575 0.194563 0.589575 0.224296 0.568767 0.224296
6 0.612708 0.134504 0.629983 0.134504 0.629983 0.156637 0.612708 0.156637
1 0.589850 0.148963 0.607125 0.148963 0.607125 0.171081 0.589850 0.171081
