13 0.213870 0.603242 0.328646 0.571653 0.331231 0.601340 0.216455 0.632928
4 0.506205 0.465635 0.549645 0.465635 0.549645 0.534612 0.506205 0.534612
3 0.455610 0.487756 0.499050 0.487756 0.499050 0.556728 0.455610 0.556728
2 0.409060 0.515948 0.452500 0.515948 0.452500 0.584921 0.409060 0.584921
6 0.521741 0.394422 0.556677 0.394422 0.556677 0.441667 0.521741 0.441667
1 0.475161 0.417778 0.510097 0.417778 0.510097 0.465022 0.475161 0.465022
0 0.428720 0.444039 0.463656 0.444039 0.463656 0.491283 0.428720 0.491283
9 0.446349 0.316214 0.504292 0.281548 0.512629 0.325589 0.454686 0.360255
8 0.386607 0.351095 0.444550 0.316429 0.452887 0.360470 0.394944 0.395136
12 0.419464 0.183395 0.452312 0.183395 0.452312 0.221614 0.419464 0.221614
5 0.394694 0.397157 0.452637 0.362491 0.462122 0.412596 0.404179 0.447262
7 0.455034 0.363612 0.512976 0.328946 0.522461 0.379051 0.464519 0.413717
