9 0.558705 0.277475 0.627921 0.283482 0.625062 0.302016 0.555846 0.296010
0 0.508933 0.316675 0.536589 0.316675 0.536589 0.335108 0.508933 0.335108
1 0.562511 0.323875 0.590156 0.323875 0.590156 0.342300 0.562511 0.342300
6 0.614533 0.331075 0.642189 0.331075 0.642189 0.349500 0.614533 0.349500
2 0.469389 0.338267 0.507778 0.338267 0.507778 0.359833 0.469389 0.359833
3 0.524878 0.343617 0.563267 0.343617 0.563267 0.365183 0.524878 0.365183
4 0.577489 0.350100 0.615878 0.350100 0.615878 0.371658 0.577489 0.371658
12 0.557378 0.232375 0.583911 0.232375 0.583911 0.248800 0.557378 0.248800
15 0.457667 0.718222 0.505226 0.723617 0.498033 0.759286 0.450474 0.753892
14 0.391482 0.476004 0.637422 0.505879 0.626662 0.555705 0.380722 0.525829
13 0.201410 0.327913 0.337983 0.346343 0.332913 0.367479 0.196339 0.349049
5 0.485783 0.290175 0.554999 0.296182 0.552139 0.314725 0.482923 0.308718
7 0.555250 0.296334 0.624466 0.302340 0.621605 0.320883 0.552389 0.314877
8 0.488627 0.271425 0.557843 0.277432 0.554984 0.295966 0.485768 0.289960
