1 0.446544 0.410750 0.478767 0.410750 0.478767 0.428217 0.446544 0.428217
6 0.494400 0.405008 0.526622 0.405008 0.526622 0.422475 0.494400 0.422475
2 0.370300 0.438992 0.414011 0.438992 0.414011 0.464133 0.370300 0.464133
3 0.424567 0.433717 0.464411 0.433717 0.464411 0.456467 0.424567 0.456467
7 0.431212 0.389947 0.493176 0.382337 0.497288 0.401169 0.435324 0.408780
8 0.364293 0.382467 0.426256 0.374857 0.429652 0.390408 0.367688 0.398018
13 0.129995 0.494569 0.266231 0.481843 0.270071 0.504964 0.133835 0.517691
4 0.476889 0.428417 0.513844 0.428417 0.513844 0.449283 0.476889 0.449283
9 0.427105 0.374367 0.489068 0.366757 0.492462 0.382300 0.430498 0.389910
12 0.391711 0.320000 0.455644 0.320000 0.455644 0.351292 0.391711 0.351292
5 0.368868 0.398314 0.430831 0.390704 0.434943 0.409536 0.372980 0.417146
0 0.397267 0.415650 0.429489 0.415650 0.429489 0.433117 0.397267 0.433117
14 0.339624 0.591486 0.606621 0.556537 0.614943 0.592297 0.347945 0.627246
