7 0.543023 0.082678 0.573388 0.055290 0.580944 0.081767 0.550578 0.109154
14 0.603224 0.370317 0.716891 0.267798 0.728417 0.308187 0.614750 0.410705
13 0.346152 0.341916 0.454990 0.282021 0.459498 0.307906 0.350660 0.367801
12 0.482100 0.007007 0.502500 0.007007 0.502500 0.031348 0.482100 0.031348
5 0.510612 0.107019 0.540978 0.079632 0.548538 0.106122 0.518172 0.133509
15 0.549521 0.782664 0.574183 0.753535 0.590120 0.796181 0.565459 0.825309
8 0.500721 0.081790 0.531086 0.054402 0.538646 0.080892 0.508280 0.108279
9 0.535975 0.061528 0.561763 0.038270 0.567908 0.059805 0.542121 0.083064
0 0.543542 0.121141 0.561783 0.121141 0.561783 0.144741 0.543542 0.144741
1 0.567375 0.104933 0.585625 0.104933 0.585625 0.128519 0.567375 0.128519
6 0.591433 0.087970 0.609675 0.087970 0.609675 0.111570 0.591433 0.111570
2 0.544567 0.155807 0.568867 0.155807 0.568867 0.187911 0.544567 0.187911
3 0.569533 0.136430 0.593833 0.136430 0.593833 0.168533 0.569533 0.168533
4 0.594625 0.120578 0.618925 0.120578 0.618925 0.152681 0.594625 0.152681
