6 0.455208 0.261296 0.516220 0.244031 0.534914 0.281474 0.473903 0.298738
1 0.380183 0.286291 0.431958 0.271640 0.445185 0.298133 0.393410 0.312784
2 0.257237 0.355941 0.318248 0.338676 0.336942 0.376119 0.275931 0.393383
3 0.335331 0.333029 0.396343 0.315764 0.415037 0.353207 0.354025 0.370471
4 0.414944 0.314521 0.475956 0.297256 0.494650 0.334698 0.433638 0.351963
14 0.214770 0.601664 0.523237 0.570266 0.533296 0.626276 0.224829 0.657674
7 0.374513 0.252504 0.461894 0.227778 0.472987 0.249996 0.385606 0.274722
5 0.279467 0.277868 0.366856 0.253139 0.377949 0.275357 0.290559 0.300086
9 0.380723 0.224369 0.455687 0.203156 0.466777 0.225368 0.391813 0.246581
8 0.290269 0.248695 0.365233 0.227482 0.376326 0.249700 0.301362 0.270913
12 0.362264 0.145036 0.416057 0.145036 0.416057 0.176278 0.362264 0.176278
0 0.302890 0.308044 0.354656 0.293396 0.367883 0.319889 0.316117 0.334537
