13 0.106894 0.414342 0.236578 0.407541 0.237817 0.420833 0.108134 0.427634
15 0.437439 0.699055 0.485667 0.694229 0.491372 0.726295 0.443144 0.731121
12 0.385278 0.264400 0.414478 0.264400 0.414478 0.279333 0.385278 0.279333
0 0.343888 0.327677 0.402471 0.321581 0.405523 0.338073 0.346940 0.344169
7 0.402766 0.321527 0.461349 0.315431 0.464401 0.331923 0.405817 0.338019
8 0.340321 0.310986 0.398904 0.304889 0.401957 0.321389 0.343374 0.327486
9 0.399766 0.304594 0.458349 0.298497 0.461401 0.314989 0.402817 0.321086
0 0.369767 0.345392 0.396956 0.345392 0.396956 0.361117 0.369767 0.361117
1 0.417222 0.339775 0.444411 0.339775 0.444411 0.355500 0.417222 0.355500
6 0.466067 0.336317 0.493256 0.336317 0.493256 0.352042 0.466067 0.352042
2 0.344189 0.367075 0.379222 0.367075 0.379222 0.386250 0.344189 0.386250
3 0.393944 0.362242 0.428978 0.362242 0.428978 0.381417 0.393944 0.381417
4 0.440944 0.358442 0.475989 0.358442 0.475989 0.377617 0.440944 0.377617
14 0.314972 0.507731 0.539485 0.489439 0.543683 0.518427 0.319171 0.536719
