14 0.701711 0.484068 0.800622 0.395629 0.810439 0.430332 0.711528 0.518771
12 0.575617 0.152000 0.593658 0.152000 0.593658 0.174119 0.575617 0.174119
0 0.635017 0.253378 0.653058 0.253378 0.653058 0.275496 0.635017 0.275496
5 0.602768 0.238963 0.631921 0.218547 0.637449 0.243496 0.608296 0.263912
7 0.633958 0.220134 0.666244 0.197525 0.671775 0.222488 0.639489 0.245097
8 0.596740 0.219051 0.625894 0.198636 0.630276 0.218416 0.601123 0.238831
9 0.627898 0.199878 0.657044 0.179468 0.661427 0.199248 0.632281 0.219658
1 0.659692 0.238267 0.677733 0.238267 0.677733 0.260385 0.659692 0.260385
6 0.683333 0.224993 0.701367 0.224993 0.701367 0.250430 0.683333 0.250430
2 0.632950 0.287837 0.657175 0.287837 0.657175 0.318800 0.632950 0.318800
3 0.660542 0.268874 0.684783 0.268874 0.684783 0.302000 0.660542 0.302000
13 0.423334 0.463150 0.535756 0.397825 0.540141 0.421680 0.427719 0.487004
4 0.686450 0.253763 0.708833 0.253763 0.708833 0.287259 0.686450 0.287259
