4 0.439504 0.606023 0.486565 0.606023 0.486565 0.676446 0.439504 0.676446
13 0.091543 0.653946 0.224978 0.653946 0.224978 0.692526 0.091543 0.692526
12 0.370771 0.266733 0.404826 0.266733 0.404826 0.316265 0.370771 0.316265
5 0.325601 0.481279 0.395353 0.469120 0.398628 0.528496 0.328876 0.540655
7 0.396040 0.468329 0.465792 0.456171 0.469067 0.515546 0.399315 0.527705
8 0.322041 0.429764 0.391796 0.417605 0.394596 0.468380 0.324841 0.480539
9 0.393167 0.417330 0.462919 0.405171 0.465720 0.455951 0.395967 0.468109
0 0.355412 0.553135 0.391907 0.553135 0.391907 0.605851 0.355412 0.605851
1 0.411818 0.544101 0.448313 0.544101 0.448313 0.596812 0.411818 0.596812
6 0.467805 0.534881 0.504301 0.534881 0.504301 0.587597 0.467805 0.587597
2 0.326178 0.628519 0.373239 0.628519 0.373239 0.698942 0.326178 0.698942
3 0.381443 0.616345 0.428504 0.616345 0.428504 0.686768 0.381443 0.686768
