2 0.605433 0.237585 0.626733 0.237585 0.626733 0.265511 0.605433 0.265511
13 0.428331 0.449833 0.527206 0.368239 0.533844 0.393663 0.434969 0.475257
14 0.701198 0.393369 0.770294 0.283926 0.783277 0.309831 0.714181 0.419274
5 0.569037 0.209524 0.592483 0.179792 0.601513 0.202298 0.578067 0.232030
7 0.595261 0.182753 0.618480 0.155224 0.626664 0.177040 0.603445 0.204568
8 0.561079 0.195329 0.584526 0.165597 0.590788 0.181204 0.567341 0.210936
9 0.588204 0.167300 0.611651 0.137568 0.617913 0.153174 0.594466 0.182906
0 0.600325 0.210400 0.618033 0.210400 0.618033 0.229348 0.600325 0.229348
1 0.620267 0.190193 0.637983 0.190193 0.637983 0.209126 0.620267 0.209126
6 0.639850 0.174059 0.657567 0.174059 0.657567 0.193007 0.639850 0.193007
3 0.626050 0.212815 0.648617 0.212815 0.648617 0.241289 0.626050 0.241289
4 0.646642 0.195156 0.669208 0.195156 0.669208 0.223630 0.646642 0.223630
12 0.535433 0.135096 0.553400 0.135096 0.553400 0.154444 0.535433 0.154444
