4 0.666817 0.444104 0.688375 0.444104 0.688375 0.471674 0.666817 0.471674
5 0.594994 0.391128 0.628503 0.385497 0.629598 0.406101 0.596089 0.411733
7 0.629177 0.387928 0.662686 0.382297 0.663781 0.402901 0.630272 0.408533
13 0.401833 0.490474 0.514283 0.490474 0.514283 0.516015 0.401833 0.516015
14 0.656960 0.645630 0.769424 0.597260 0.774948 0.637852 0.662484 0.686222
2 0.616100 0.448859 0.637658 0.448859 0.637658 0.475600 0.616100 0.475600
6 0.668808 0.416859 0.687225 0.416859 0.687225 0.439452 0.668808 0.439452
1 0.645100 0.417244 0.663517 0.417244 0.663517 0.439822 0.645100 0.439822
0 0.619175 0.417615 0.637592 0.417615 0.637592 0.440193 0.619175 0.440193
9 0.627063 0.366856 0.654158 0.362303 0.655254 0.382907 0.628158 0.387460
8 0.590435 0.370995 0.623944 0.365364 0.625040 0.385968 0.591531 0.391599
3 0.641200 0.444074 0.662758 0.444074 0.662758 0.471630 0.641200 0.471630
12 0.580858 0.306978 0.599492 0.306978 0.599492 0.327674 0.580858 0.327674
