7 0.562938 0.363779 0.631622 0.391297 0.625088 0.442848 0.556403 0.415330
8 0.505821 0.292016 0.568590 0.317164 0.562842 0.362508 0.500073 0.337360
0 0.506766 0.419722 0.540734 0.419722 0.540734 0.469409 0.506766 0.469409
9 0.570283 0.317197 0.633051 0.342344 0.627304 0.387684 0.564535 0.362537
13 0.270503 0.367333 0.381363 0.431750 0.376224 0.459704 0.265363 0.395287
4 0.571270 0.513347 0.614276 0.513347 0.614276 0.578325 0.571270 0.578325
3 0.517312 0.491944 0.560317 0.491944 0.560317 0.556918 0.517312 0.556918
2 0.466349 0.468642 0.506337 0.468642 0.506337 0.533620 0.466349 0.533620
6 0.610618 0.463660 0.644586 0.463660 0.644586 0.513347 0.610618 0.513347
1 0.558160 0.440732 0.592128 0.440732 0.592128 0.490414 0.558160 0.490414
12 0.574273 0.182751 0.607812 0.182751 0.607812 0.225560 0.574273 0.225560
5 0.498980 0.337323 0.561749 0.362471 0.555214 0.414022 0.492445 0.388874
