4 0.625633 0.315067 0.650367 0.315067 0.650367 0.346296 0.625633 0.346296
2 0.574808 0.339526 0.599117 0.339526 0.599117 0.367304 0.574808 0.367304
5 0.543278 0.288425 0.576141 0.267622 0.581505 0.294405 0.548643 0.315207
7 0.579085 0.272737 0.611947 0.251934 0.617315 0.278730 0.584453 0.299533
6 0.623708 0.287585 0.643817 0.287585 0.643817 0.309793 0.623708 0.309793
1 0.600425 0.294741 0.620533 0.294741 0.620533 0.316948 0.600425 0.316948
14 0.647016 0.539063 0.746088 0.455807 0.757217 0.497663 0.658145 0.580919
0 0.574083 0.307348 0.594192 0.307348 0.594192 0.329541 0.574083 0.329541
9 0.570402 0.243761 0.603272 0.222953 0.608639 0.249750 0.575769 0.270558
8 0.534845 0.262591 0.567715 0.241783 0.573080 0.268565 0.540210 0.289373
13 0.363331 0.465925 0.475825 0.429941 0.478902 0.460342 0.366408 0.496325
12 0.515233 0.197452 0.539150 0.197452 0.539150 0.219659 0.515233 0.219659
3 0.600017 0.325067 0.624750 0.325067 0.624750 0.356296 0.600017 0.356296
