2 0.349113 0.408641 0.414139 0.414565 0.408274 0.451053 0.343248 0.445129
12 0.552764 0.265923 0.611425 0.265923 0.611425 0.296967 0.552764 0.296967
8 0.447035 0.329443 0.524733 0.336522 0.521304 0.357851 0.443607 0.350772
9 0.541489 0.337149 0.619186 0.344228 0.615757 0.365564 0.538059 0.358485
5 0.416917 0.349442 0.512109 0.358114 0.508366 0.381403 0.413174 0.372731
7 0.517530 0.357553 0.612723 0.366225 0.608979 0.389514 0.513787 0.380842
0 0.419680 0.384740 0.472521 0.389554 0.468339 0.415572 0.415498 0.410758
1 0.501529 0.391481 0.554370 0.396295 0.550188 0.422312 0.497347 0.417498
3 0.430189 0.417121 0.495214 0.423045 0.489349 0.459533 0.424323 0.453609
4 0.514462 0.428890 0.579487 0.434814 0.573623 0.471295 0.508598 0.465371
6 0.583887 0.400349 0.642647 0.405702 0.637962 0.434843 0.579202 0.429490
14 0.164093 0.617296 0.434011 0.690054 0.410058 0.740417 0.140140 0.667659
