9 0.520352 0.362810 0.586402 0.367318 0.584592 0.382232 0.518543 0.377723
13 0.186309 0.405915 0.319105 0.423477 0.311602 0.455393 0.178806 0.437831
14 0.346469 0.557667 0.610675 0.581647 0.605576 0.613249 0.341370 0.589270
1 0.520722 0.403000 0.555167 0.403000 0.555167 0.423417 0.520722 0.423417
7 0.518096 0.378520 0.584146 0.383028 0.581737 0.402880 0.515688 0.398372
5 0.450811 0.373619 0.516871 0.378128 0.514523 0.397481 0.448462 0.392972
12 0.509478 0.314025 0.549444 0.314025 0.549444 0.339867 0.509478 0.339867
4 0.537989 0.428292 0.583189 0.428292 0.583189 0.451383 0.537989 0.451383
3 0.489333 0.422708 0.527878 0.422708 0.527878 0.445833 0.489333 0.445833
2 0.437089 0.418517 0.475633 0.418517 0.475633 0.441650 0.437089 0.441650
6 0.570611 0.407917 0.605056 0.407917 0.605056 0.428333 0.570611 0.428333
0 0.471444 0.399750 0.502389 0.399750 0.502389 0.417750 0.471444 0.417750
8 0.452764 0.357852 0.518813 0.362360 0.517003 0.377273 0.450954 0.372765
