1 0.683858 0.379600 0.700617 0.379600 0.700617 0.403541 0.683858 0.403541
6 0.706458 0.370119 0.724500 0.370119 0.724500 0.397185 0.706458 0.397185
2 0.654392 0.417081 0.678500 0.417081 0.678500 0.449185 0.654392 0.449185
3 0.681200 0.407585 0.705308 0.407585 0.705308 0.439689 0.681200 0.439689
4 0.706600 0.400356 0.727667 0.400356 0.727667 0.432459 0.706600 0.432459
13 0.448366 0.523582 0.557886 0.497257 0.559951 0.524403 0.450431 0.550728
14 0.705348 0.612275 0.802763 0.536974 0.811911 0.574376 0.714496 0.649678
12 0.613433 0.282489 0.630625 0.282489 0.630625 0.305911 0.613433 0.305911
5 0.628835 0.370843 0.662062 0.350504 0.666590 0.373883 0.633363 0.394222
7 0.664724 0.357533 0.694398 0.339369 0.698926 0.362748 0.669252 0.380912
8 0.623944 0.354433 0.657179 0.334088 0.660823 0.352901 0.627588 0.373245
9 0.660593 0.337701 0.686791 0.321664 0.690432 0.340462 0.664234 0.356499
0 0.658967 0.387037 0.675733 0.387037 0.675733 0.410978 0.658967 0.410978
