5 0.267377 0.375162 0.338019 0.362931 0.344567 0.384204 0.273926 0.396436
7 0.338233 0.362680 0.408885 0.350446 0.415434 0.371720 0.344781 0.383954
8 0.259869 0.358194 0.330521 0.345960 0.335643 0.362598 0.264990 0.374831
1 0.356778 0.385975 0.395933 0.385975 0.395933 0.403858 0.356778 0.403858
2 0.273489 0.419608 0.316911 0.419608 0.316911 0.447333 0.273489 0.447333
3 0.332222 0.412000 0.374933 0.412000 0.374933 0.436542 0.332222 0.436542
4 0.388822 0.403733 0.431522 0.403733 0.431522 0.428275 0.388822 0.428275
0 0.300544 0.394658 0.339700 0.394658 0.339700 0.412542 0.300544 0.412542
9 0.332424 0.345643 0.403066 0.333411 0.408187 0.350049 0.337545 0.362280
13 0.004777 0.488854 0.151580 0.470429 0.156112 0.490738 0.009309 0.509163
6 0.410167 0.379033 0.449322 0.379033 0.449322 0.396917 0.410167 0.396917
14 0.265116 0.591766 0.524513 0.553245 0.533495 0.587267 0.274098 0.625789
15 0.436951 0.806806 0.489399 0.798517 0.499716 0.835235 0.447268 0.843525
12 0.307900 0.294933 0.344289 0.294933 0.344289 0.316842 0.307900 0.316842
