1 0.493797 0.536958 0.529055 0.536958 0.529055 0.584352 0.493797 0.584352
13 0.221429 0.687912 0.335609 0.671580 0.336780 0.697462 0.222601 0.713794
4 0.521751 0.585498 0.564740 0.585498 0.564740 0.659647 0.521751 0.659647
3 0.472302 0.605375 0.515293 0.605375 0.515293 0.679524 0.472302 0.679524
2 0.421992 0.618752 0.464980 0.618752 0.464980 0.692901 0.421992 0.692901
6 0.543676 0.518616 0.578934 0.518616 0.578934 0.566005 0.543676 0.566005
0 0.445193 0.553801 0.480451 0.553801 0.480451 0.601190 0.445193 0.601190
9 0.473789 0.428000 0.534443 0.406258 0.539604 0.451757 0.478950 0.473500
8 0.412767 0.449694 0.473424 0.427950 0.478584 0.473450 0.417928 0.495193
7 0.478913 0.475869 0.539567 0.454127 0.545661 0.507852 0.485006 0.529594
5 0.415835 0.497399 0.476489 0.475657 0.482583 0.529382 0.421928 0.551124
12 0.450784 0.290075 0.482602 0.290075 0.482602 0.332121 0.450784 0.332121
