7 0.597879 0.203828 0.627512 0.183605 0.632446 0.206454 0.602813 0.226676
1 0.622767 0.224193 0.640042 0.224193 0.640042 0.246919 0.622767 0.246919
0 0.597708 0.237081 0.614992 0.237081 0.614992 0.259822 0.597708 0.259822
9 0.591765 0.186269 0.621390 0.166051 0.625419 0.184709 0.595793 0.204926
13 0.392057 0.429161 0.502729 0.370881 0.506918 0.396024 0.396246 0.454304
14 0.682760 0.450353 0.763209 0.386077 0.771957 0.420684 0.691508 0.484960
8 0.561290 0.206180 0.590915 0.185962 0.594944 0.204620 0.565318 0.224838
6 0.644192 0.210978 0.661475 0.210978 0.661475 0.233719 0.644192 0.233719
15 0.597826 0.880600 0.622990 0.852863 0.638166 0.896377 0.613002 0.924115
12 0.540342 0.141600 0.558592 0.141600 0.558592 0.163348 0.540342 0.163348
5 0.566720 0.224714 0.596346 0.204497 0.601280 0.227345 0.571654 0.247563
4 0.647733 0.238785 0.669683 0.238785 0.669683 0.270430 0.647733 0.270430
3 0.624750 0.252000 0.646700 0.252000 0.646700 0.283630 0.624750 0.283630
2 0.599092 0.266593 0.621033 0.266593 0.621033 0.298222 0.599092 0.298222
