1 0.435610 0.395026 0.472587 0.395026 0.472587 0.453907 0.435610 0.453907
0 0.374117 0.401526 0.411094 0.401526 0.411094 0.460406 0.374117 0.460406
9 0.423391 0.252966 0.504027 0.242942 0.506307 0.300905 0.425670 0.310929
8 0.342274 0.262129 0.422911 0.252104 0.425191 0.310067 0.344554 0.320091
7 0.425391 0.311838 0.506027 0.301814 0.508607 0.367399 0.427971 0.377423
5 0.343692 0.321772 0.424326 0.311748 0.426906 0.377329 0.346272 0.387353
12 0.407304 0.090243 0.443938 0.090243 0.443938 0.137945 0.407304 0.137945
13 0.096108 0.474436 0.233271 0.493627 0.231454 0.534682 0.094291 0.515491
4 0.462483 0.466138 0.511074 0.466138 0.511074 0.543320 0.462483 0.543320
3 0.398631 0.472244 0.447222 0.472244 0.447222 0.549427 0.398631 0.549427
2 0.339717 0.484083 0.385295 0.484083 0.385295 0.556702 0.339717 0.556702
6 0.495379 0.387385 0.532356 0.387385 0.532356 0.446261 0.495379 0.446261
