1 0.569883 0.107289 0.588933 0.107289 0.588933 0.133467 0.569883 0.133467
6 0.589692 0.083793 0.608742 0.083793 0.608742 0.109985 0.589692 0.109985
2 0.552225 0.161926 0.576867 0.161926 0.576867 0.192637 0.552225 0.192637
3 0.574200 0.135733 0.598842 0.135733 0.598842 0.166444 0.574200 0.166444
4 0.597058 0.112252 0.621700 0.112252 0.621700 0.142963 0.597058 0.142963
15 0.618588 0.783791 0.638284 0.744490 0.659787 0.778550 0.640091 0.817851
14 0.663151 0.320033 0.721143 0.227854 0.734724 0.254856 0.676732 0.347035
13 0.370469 0.415308 0.470045 0.317182 0.477814 0.342099 0.378238 0.440225
12 0.477292 0.044519 0.497108 0.044519 0.497108 0.071600 0.477292 0.071600
5 0.509411 0.134653 0.542296 0.095220 0.551956 0.120680 0.519071 0.160114
7 0.543285 0.096719 0.572501 0.061684 0.582157 0.087133 0.552940 0.122167
8 0.499204 0.110203 0.532082 0.070778 0.541738 0.096226 0.508859 0.135652
9 0.535164 0.076672 0.560857 0.045862 0.568844 0.066914 0.543151 0.097723
0 0.546642 0.130311 0.565692 0.130311 0.565692 0.156504 0.546642 0.156504
