1 0.406100 0.250592 0.436356 0.250592 0.436356 0.269017 0.406100 0.269017
6 0.458778 0.253800 0.489033 0.253800 0.489033 0.272217 0.458778 0.272217
4 0.427989 0.273417 0.467144 0.273417 0.467144 0.295308 0.427989 0.295308
3 0.372822 0.271283 0.411978 0.271283 0.411978 0.293175 0.372822 0.293175
13 0.060274 0.273994 0.192506 0.283893 0.188837 0.311464 0.056605 0.301565
12 0.386722 0.160492 0.425878 0.160492 0.425878 0.182383 0.386722 0.182383
5 0.332321 0.224379 0.396715 0.225813 0.395923 0.245821 0.331529 0.244387
2 0.318733 0.268875 0.357889 0.268875 0.357889 0.290758 0.318733 0.290758
14 0.261026 0.411673 0.510951 0.416254 0.509752 0.453068 0.259826 0.448487
7 0.398285 0.226621 0.462678 0.228054 0.461938 0.246771 0.397544 0.245338
8 0.333759 0.207137 0.398153 0.208570 0.397508 0.224880 0.333114 0.223446
9 0.400392 0.209820 0.464786 0.211254 0.464141 0.227563 0.399747 0.226130
0 0.354333 0.248050 0.384589 0.248050 0.384589 0.266467 0.354333 0.266467
15 0.351301 0.627656 0.396376 0.630495 0.392643 0.663836 0.347568 0.660997
