2 0.433044 0.361075 0.465000 0.361075 0.465000 0.379667 0.433044 0.379667
15 0.478900 0.677342 0.518711 0.677342 0.518711 0.707600 0.478900 0.707600
12 0.489800 0.264800 0.516078 0.264800 0.516078 0.281283 0.489800 0.281283
5 0.441576 0.320440 0.498962 0.321717 0.498301 0.338418 0.440916 0.337141
7 0.499088 0.321882 0.556473 0.323159 0.555812 0.339860 0.498427 0.338583
8 0.442494 0.306781 0.499879 0.308058 0.499362 0.321136 0.441976 0.319858
9 0.500360 0.308431 0.557746 0.309708 0.557229 0.322786 0.499843 0.321508
0 0.461978 0.342967 0.488467 0.342967 0.488467 0.357075 0.461978 0.357075
1 0.510322 0.344958 0.534856 0.344958 0.534856 0.359250 0.510322 0.359250
6 0.555722 0.348883 0.580744 0.348883 0.580744 0.363267 0.555722 0.363267
3 0.480256 0.362308 0.514967 0.362308 0.514967 0.382350 0.480256 0.382350
4 0.526256 0.365442 0.563367 0.365442 0.563367 0.387042 0.526256 0.387042
13 0.196639 0.366413 0.322303 0.375654 0.319561 0.396629 0.193897 0.387387
14 0.389844 0.492275 0.608400 0.492275 0.608400 0.521683 0.389844 0.521683
