9 0.478321 0.337479 0.552717 0.337479 0.552717 0.359482 0.478321 0.359482
4 0.480679 0.424659 0.534057 0.424659 0.534057 0.456918 0.480679 0.456918
6 0.530887 0.391101 0.584264 0.391101 0.584264 0.423359 0.530887 0.423359
7 0.462170 0.360135 0.548868 0.360135 0.548868 0.382145 0.462170 0.382145
5 0.378642 0.359652 0.453038 0.359652 0.453038 0.381662 0.378642 0.381662
8 0.391170 0.337053 0.465566 0.337053 0.465566 0.359063 0.391170 0.359063
12 0.477443 0.268636 0.529396 0.268636 0.529396 0.298949 0.477443 0.298949
0 0.386660 0.390831 0.432075 0.390831 0.432075 0.417685 0.386660 0.417685
1 0.459557 0.392457 0.504972 0.392457 0.504972 0.419311 0.459557 0.419311
2 0.331481 0.420994 0.384868 0.420994 0.384868 0.453253 0.331481 0.453253
3 0.404094 0.422919 0.457472 0.422919 0.457472 0.455185 0.404094 0.455185
14 0.224761 0.626440 0.505829 0.653171 0.498164 0.698852 0.217096 0.672120
