4 0.562133 0.255067 0.588250 0.255067 0.588250 0.287704 0.562133 0.287704
12 0.439383 0.153985 0.460533 0.153985 0.460533 0.176844 0.439383 0.176844
5 0.474139 0.247019 0.503591 0.219646 0.511594 0.246863 0.482143 0.274235
8 0.465462 0.231439 0.493281 0.205584 0.497930 0.221391 0.470110 0.247246
7 0.508740 0.224424 0.542483 0.195036 0.549152 0.219236 0.515409 0.248624
9 0.501009 0.204107 0.524013 0.184072 0.528691 0.201048 0.505687 0.221083
0 0.506567 0.259052 0.527717 0.259052 0.527717 0.282281 0.506567 0.282281
1 0.531650 0.240059 0.553617 0.240059 0.553617 0.264370 0.531650 0.264370
6 0.558200 0.223304 0.580167 0.223304 0.580167 0.247615 0.558200 0.247615
2 0.508642 0.295185 0.534792 0.295185 0.534792 0.326074 0.508642 0.326074
3 0.534958 0.272741 0.561917 0.272741 0.561917 0.305778 0.534958 0.305778
14 0.602111 0.485286 0.697835 0.389004 0.711906 0.433218 0.616182 0.529500
13 0.282470 0.503938 0.405313 0.428315 0.410914 0.457069 0.288070 0.532693
15 0.522477 0.975691 0.534310 0.932942 0.561123 0.956397 0.549290 0.999147
