3 0.380107 0.599308 0.425069 0.599308 0.425069 0.670388 0.380107 0.670388
8 0.339435 0.406570 0.403633 0.406570 0.403633 0.455437 0.339435 0.455437
7 0.405732 0.455410 0.475000 0.455410 0.475000 0.515419 0.405732 0.515419
5 0.335565 0.456173 0.404834 0.456173 0.404834 0.516182 0.335565 0.516182
12 0.396771 0.256067 0.426632 0.256067 0.426632 0.303311 0.396771 0.303311
4 0.436094 0.597835 0.481057 0.597835 0.481057 0.668915 0.436094 0.668915
0 0.360042 0.531574 0.395875 0.531574 0.395875 0.586781 0.360042 0.586781
9 0.406773 0.404713 0.470972 0.404713 0.470972 0.453576 0.406773 0.453576
13 0.110114 0.582414 0.229534 0.598377 0.227470 0.647190 0.108050 0.631226
6 0.467240 0.531067 0.503073 0.531067 0.503073 0.586274 0.467240 0.586274
1 0.413492 0.531067 0.449323 0.531067 0.449323 0.586274 0.413492 0.586274
2 0.325573 0.601715 0.370536 0.601715 0.370536 0.672795 0.325573 0.672795
