12 0.574100 0.088356 0.593658 0.088356 0.593658 0.110933 0.574100 0.110933
0 0.618042 0.219778 0.637600 0.219778 0.637600 0.249585 0.618042 0.249585
1 0.645858 0.217956 0.665417 0.217956 0.665417 0.247763 0.645858 0.247763
14 0.671919 0.486845 0.783491 0.443960 0.788431 0.484577 0.676859 0.527462
13 0.368908 0.324415 0.497842 0.324415 0.497842 0.351689 0.368908 0.351689
6 0.673033 0.213896 0.692600 0.213896 0.692600 0.243689 0.673033 0.243689
2 0.612583 0.255437 0.636750 0.255437 0.636750 0.295126 0.612583 0.295126
9 0.623435 0.155265 0.656042 0.145669 0.658581 0.172942 0.625975 0.182538
7 0.627106 0.184003 0.665089 0.172824 0.667911 0.203123 0.629928 0.214302
8 0.582173 0.161761 0.620164 0.150580 0.622702 0.177839 0.584711 0.189020
4 0.669208 0.247778 0.693375 0.247778 0.693375 0.287467 0.669208 0.287467
3 0.640758 0.251852 0.664925 0.251852 0.664925 0.291541 0.640758 0.291541
5 0.587265 0.189084 0.625248 0.177906 0.628068 0.208190 0.590085 0.219368
