3 0.306584 0.415184 0.363770 0.407049 0.372067 0.440107 0.314881 0.448242
0 0.285186 0.388431 0.330470 0.381990 0.336842 0.407378 0.291558 0.413820
1 0.349875 0.379347 0.395159 0.372906 0.401531 0.398295 0.356247 0.404736
14 0.171500 0.630249 0.467906 0.630249 0.467906 0.674283 0.171500 0.674283
4 0.375743 0.407273 0.432939 0.399136 0.441238 0.432202 0.384042 0.440338
12 0.351368 0.262237 0.396906 0.262237 0.396906 0.290362 0.351368 0.290362
6 0.418778 0.370442 0.467287 0.363541 0.474024 0.390382 0.425514 0.397282
2 0.242036 0.422989 0.299222 0.414854 0.307521 0.447920 0.250335 0.456055
8 0.282354 0.339500 0.346086 0.327003 0.353127 0.347353 0.289395 0.359851
9 0.361602 0.326419 0.426315 0.317214 0.431502 0.337878 0.366788 0.347083
5 0.279064 0.360915 0.343778 0.351709 0.348964 0.372374 0.284251 0.381579
7 0.354205 0.349988 0.428448 0.339426 0.433634 0.360091 0.359392 0.370652
