3 0.539826 0.742688 0.558671 0.742688 0.558671 0.770410 0.539826 0.770410
15 0.919705 0.642697 0.951431 0.666242 0.933628 0.708890 0.901902 0.685345
14 0.688499 0.771955 0.719256 0.788690 0.669130 0.952463 0.638373 0.935728
4 0.549846 0.700417 0.568688 0.700417 0.568688 0.731316 0.549846 0.731316
12 0.443529 0.628935 0.457884 0.628935 0.457884 0.651068 0.443529 0.651068
5 0.502671 0.708646 0.516232 0.715514 0.503908 0.758772 0.490347 0.751903
7 0.511991 0.658910 0.525552 0.665779 0.513229 0.709033 0.499668 0.702164
9 0.497337 0.647743 0.510898 0.654611 0.498574 0.697869 0.485013 0.691000
8 0.487616 0.697591 0.501177 0.704459 0.488854 0.747713 0.475293 0.740845
0 0.518150 0.742589 0.532356 0.742589 0.532356 0.764921 0.518150 0.764921
1 0.525397 0.703310 0.539603 0.703310 0.539603 0.725645 0.525397 0.725645
6 0.534968 0.664031 0.549174 0.664031 0.549174 0.686362 0.534968 0.686362
2 0.531828 0.780873 0.550670 0.780873 0.550670 0.808598 0.531828 0.808598
