7 0.367989 0.283212 0.379764 0.281589 0.382262 0.313819 0.370487 0.315441
12 0.326528 0.371197 0.335565 0.371197 0.335565 0.391839 0.326528 0.391839
5 0.369757 0.321979 0.381535 0.320356 0.384033 0.352585 0.372255 0.354208
9 0.357344 0.296289 0.368080 0.294810 0.370112 0.321019 0.359375 0.322499
8 0.359084 0.333880 0.369820 0.332400 0.372370 0.365297 0.361633 0.366776
0 0.387073 0.300450 0.400260 0.300450 0.400260 0.323575 0.387073 0.323575
1 0.385459 0.269507 0.398646 0.269507 0.398646 0.292632 0.385459 0.292632
6 0.385146 0.240847 0.398336 0.240847 0.398336 0.263968 0.385146 0.263968
2 0.404256 0.292493 0.420660 0.292493 0.420660 0.323370 0.404256 0.323370
3 0.401401 0.261739 0.417805 0.261739 0.417805 0.290417 0.401401 0.290417
4 0.400212 0.233137 0.416024 0.232106 0.416992 0.258493 0.401180 0.259524
14 0.492137 0.122538 0.522800 0.112647 0.546548 0.243530 0.515885 0.253421
15 0.751799 0.428134 0.779819 0.409670 0.793256 0.445920 0.765236 0.464385
