2 0.422352 0.273380 0.436478 0.266932 0.442474 0.290284 0.428349 0.296732
3 0.415125 0.247964 0.429250 0.241515 0.435247 0.264870 0.421122 0.271319
4 0.408775 0.222877 0.422530 0.216598 0.428269 0.238948 0.414514 0.245228
5 0.399496 0.305779 0.411142 0.298898 0.422627 0.333454 0.410981 0.340335
7 0.391935 0.276324 0.402657 0.270285 0.410989 0.296583 0.400267 0.302622
0 0.410736 0.284713 0.422752 0.279228 0.427634 0.298240 0.415618 0.303725
8 0.393356 0.321005 0.401936 0.315936 0.410831 0.342698 0.402250 0.347768
9 0.384873 0.291051 0.393453 0.285982 0.401149 0.309137 0.392569 0.314207
14 0.465471 0.102849 0.488778 0.086396 0.528971 0.187611 0.505664 0.204064
13 0.492155 0.413314 0.501075 0.409078 0.530013 0.517434 0.521092 0.521669
15 0.723752 0.266780 0.741752 0.243031 0.761203 0.269239 0.743204 0.292988
12 0.374267 0.365587 0.382621 0.361773 0.387504 0.380789 0.379150 0.384602
1 0.403434 0.258707 0.415448 0.253223 0.420331 0.272239 0.408317 0.277723
6 0.397682 0.235705 0.409699 0.230220 0.414195 0.247731 0.402179 0.253216
