15 0.846397 0.492784 0.870544 0.471635 0.886304 0.503624 0.862157 0.524774
14 0.594659 0.263471 0.620545 0.251923 0.646908 0.356978 0.621022 0.368527
4 0.518388 0.361382 0.532205 0.361382 0.532205 0.385069 0.518388 0.385069
3 0.522875 0.387222 0.536691 0.387222 0.536691 0.410909 0.522875 0.410909
2 0.527180 0.414739 0.540997 0.414739 0.540997 0.438426 0.527180 0.438426
6 0.505826 0.370952 0.517490 0.370952 0.517490 0.389854 0.505826 0.389854
1 0.508519 0.395599 0.520184 0.395599 0.520184 0.414501 0.508519 0.414501
0 0.511486 0.422282 0.523150 0.422282 0.523150 0.441184 0.511486 0.441184
8 0.486704 0.454751 0.496993 0.452060 0.501069 0.479759 0.490779 0.482451
9 0.483905 0.424630 0.494195 0.421938 0.497568 0.444858 0.487278 0.447549
7 0.492553 0.409265 0.505272 0.405938 0.509590 0.435286 0.496871 0.438613
5 0.495397 0.445236 0.507895 0.440646 0.513852 0.469480 0.501353 0.474070
12 0.460230 0.493946 0.469388 0.490306 0.473364 0.508088 0.464206 0.511728
