1 0.520481 0.618836 0.532743 0.618836 0.532743 0.641167 0.520481 0.641167
12 0.451572 0.551091 0.464244 0.551091 0.464244 0.574501 0.451572 0.574501
7 0.509021 0.579652 0.522908 0.586538 0.512189 0.624968 0.498302 0.618082
5 0.500145 0.625498 0.514032 0.632384 0.503313 0.670815 0.489426 0.663929
8 0.487371 0.615253 0.498874 0.620956 0.488154 0.659387 0.476652 0.653683
9 0.496042 0.570150 0.507544 0.575854 0.496825 0.614284 0.485323 0.608581
0 0.513304 0.653522 0.525568 0.653522 0.525568 0.675853 0.513304 0.675853
6 0.529303 0.583743 0.541565 0.583743 0.541565 0.606075 0.529303 0.606075
2 0.524070 0.687027 0.541567 0.687027 0.541567 0.715542 0.524070 0.715542
3 0.531620 0.652831 0.549120 0.652831 0.549120 0.681346 0.531620 0.681346
4 0.540444 0.616743 0.557941 0.616743 0.557941 0.645258 0.540444 0.645258
14 0.659217 0.692376 0.680432 0.705446 0.633018 0.842264 0.611803 0.829194
15 0.850508 0.574065 0.874471 0.593875 0.858738 0.627707 0.834775 0.607898
