8 0.293826 0.649608 0.315318 0.645121 0.324629 0.724400 0.303137 0.728887
12 0.220483 0.649708 0.241389 0.646039 0.244789 0.680474 0.223883 0.684143
5 0.315924 0.645283 0.340142 0.640227 0.349453 0.719505 0.325235 0.724562
7 0.306105 0.565134 0.330323 0.560078 0.339634 0.639356 0.315416 0.644413
9 0.284645 0.570352 0.306136 0.565865 0.315447 0.645144 0.293956 0.649631
0 0.353201 0.648469 0.376389 0.644399 0.379993 0.680899 0.356805 0.684970
1 0.344513 0.584380 0.369695 0.579959 0.373783 0.621358 0.348601 0.625778
6 0.337385 0.521737 0.362565 0.517317 0.366653 0.558719 0.341473 0.563139
14 0.563695 0.458819 0.608355 0.448426 0.640449 0.693619 0.595790 0.704011
4 0.370407 0.539732 0.403591 0.533907 0.408673 0.585377 0.375489 0.591202
3 0.378001 0.602982 0.411185 0.597158 0.416267 0.648628 0.383084 0.654453
2 0.387308 0.670582 0.418234 0.665153 0.422788 0.711276 0.391862 0.716705
15 0.703988 0.527930 0.744741 0.519227 0.750920 0.570668 0.710167 0.579371
