14 0.452160 0.065839 0.479131 0.047595 0.524477 0.166770 0.497506 0.185014
15 0.775617 0.277979 0.800525 0.249814 0.821090 0.282147 0.796182 0.310311
12 0.329571 0.370298 0.339184 0.370298 0.339184 0.395519 0.329571 0.395519
5 0.362673 0.306565 0.372365 0.301106 0.382302 0.332473 0.372611 0.337932
7 0.353776 0.271482 0.363468 0.266023 0.373406 0.297394 0.363715 0.302852
9 0.345027 0.285294 0.354882 0.280381 0.362374 0.307100 0.352519 0.312013
8 0.353722 0.321786 0.363576 0.316873 0.372990 0.350443 0.363135 0.355356
0 0.378403 0.274659 0.391414 0.274659 0.391414 0.300182 0.378403 0.300182
1 0.370846 0.243962 0.383854 0.243962 0.383854 0.269484 0.370846 0.269484
6 0.364115 0.214253 0.377125 0.214253 0.377125 0.239775 0.364115 0.239775
2 0.394767 0.261108 0.411210 0.261108 0.411210 0.293419 0.394767 0.293419
3 0.386176 0.231184 0.402619 0.231184 0.402619 0.262510 0.386176 0.262510
4 0.378400 0.200496 0.394844 0.200496 0.394844 0.229993 0.378400 0.229993
