1 0.324815 0.519962 0.349661 0.529211 0.341621 0.567604 0.316775 0.558355
12 0.188451 0.516460 0.206448 0.523386 0.200178 0.552353 0.182180 0.545426
5 0.279615 0.560022 0.307309 0.569297 0.292426 0.648301 0.264732 0.639026
7 0.294400 0.480660 0.322096 0.489936 0.307212 0.568940 0.279516 0.559664
9 0.273909 0.474271 0.294102 0.481034 0.279219 0.560038 0.259025 0.553275
8 0.259174 0.553123 0.279368 0.559886 0.264484 0.638891 0.244291 0.632127
0 0.313341 0.583857 0.338187 0.593107 0.330148 0.631496 0.305302 0.622247
6 0.336774 0.456850 0.361620 0.466100 0.353580 0.504492 0.328735 0.495243
2 0.339565 0.623060 0.371200 0.634836 0.361717 0.680122 0.330082 0.668345
3 0.350847 0.556744 0.382480 0.568520 0.372997 0.613805 0.341364 0.602029
4 0.363251 0.494313 0.394885 0.506090 0.385403 0.551375 0.353768 0.539598
14 0.573013 0.516648 0.612194 0.529867 0.564165 0.782949 0.524983 0.769729
15 0.679301 0.652206 0.723300 0.664889 0.713933 0.722655 0.669934 0.709972
