5 0.374152 0.606160 0.396124 0.607746 0.393625 0.669260 0.371654 0.667674
15 0.689664 0.634076 0.725302 0.637566 0.722687 0.685034 0.687049 0.681545
14 0.589538 0.540752 0.625179 0.544242 0.613123 0.763127 0.577483 0.759637
4 0.429030 0.548363 0.454621 0.548363 0.454621 0.583515 0.429030 0.583515
3 0.426416 0.598115 0.452009 0.598115 0.452009 0.633267 0.426416 0.633267
2 0.425508 0.649051 0.450942 0.649051 0.450942 0.682397 0.425508 0.682397
6 0.406262 0.524140 0.425786 0.524140 0.425786 0.553079 0.406262 0.553079
1 0.404060 0.573436 0.422453 0.573436 0.422453 0.601548 0.404060 0.601548
0 0.402046 0.621379 0.420439 0.621379 0.420439 0.649494 0.402046 0.649494
8 0.357160 0.604479 0.373911 0.605689 0.371461 0.666004 0.354710 0.664794
9 0.359769 0.545648 0.376523 0.546858 0.374162 0.604987 0.357408 0.603777
7 0.376765 0.547361 0.398734 0.548948 0.396373 0.607080 0.374403 0.605494
12 0.299710 0.581118 0.316453 0.581118 0.316453 0.607166 0.299710 0.607166
