15 0.723440 0.656165 0.755196 0.667510 0.747146 0.707572 0.715389 0.696226
13 0.636544 0.527578 0.672360 0.538867 0.631539 0.769112 0.595723 0.757823
12 0.327272 0.537755 0.343795 0.537755 0.343795 0.565142 0.327272 0.565142
5 0.403394 0.573211 0.424882 0.579930 0.414039 0.641571 0.392551 0.634851
7 0.414242 0.510816 0.435730 0.517536 0.424887 0.579177 0.403399 0.572457
9 0.397111 0.505461 0.414166 0.510795 0.403323 0.572435 0.386268 0.567102
8 0.386409 0.567154 0.403464 0.572488 0.392621 0.634129 0.375566 0.628795
0 0.430936 0.593620 0.449179 0.599057 0.444384 0.627657 0.426141 0.622220
1 0.438895 0.543881 0.457138 0.549318 0.452343 0.577921 0.434100 0.572484
6 0.448024 0.493838 0.466267 0.499275 0.461472 0.527878 0.443229 0.522441
2 0.451345 0.621942 0.477365 0.630463 0.470736 0.666447 0.444716 0.657926
3 0.459882 0.571684 0.485901 0.580206 0.479273 0.616190 0.453253 0.607668
4 0.468232 0.521006 0.494252 0.529528 0.487623 0.565512 0.461604 0.556990
