4 0.524241 0.545172 0.541443 0.545172 0.541443 0.569511 0.524241 0.569511
12 0.429053 0.494349 0.442063 0.494349 0.442063 0.514087 0.429053 0.514087
0 0.500533 0.580284 0.513395 0.580284 0.513395 0.598628 0.500533 0.598628
1 0.504876 0.548972 0.517738 0.548972 0.517738 0.567315 0.504876 0.567315
6 0.509511 0.515873 0.522374 0.515873 0.522374 0.534216 0.509511 0.534216
2 0.515947 0.611376 0.530456 0.611376 0.530456 0.632937 0.515947 0.632937
3 0.519454 0.579864 0.533963 0.579864 0.533963 0.601425 0.519454 0.601425
5 0.483120 0.556763 0.495838 0.559327 0.491433 0.598161 0.478716 0.595597
7 0.487463 0.514081 0.500203 0.516408 0.496206 0.555320 0.483465 0.552993
8 0.469432 0.546303 0.482150 0.548867 0.477745 0.587702 0.465028 0.585137
9 0.474070 0.505427 0.486785 0.507991 0.482381 0.546825 0.469666 0.544261
14 0.648883 0.599137 0.676670 0.612184 0.644410 0.734326 0.616624 0.721279
15 0.837780 0.465187 0.865617 0.483531 0.852895 0.517852 0.825058 0.499508
