5 0.517670 0.453946 0.528648 0.453461 0.529545 0.489506 0.518566 0.489991
7 0.517256 0.412379 0.528232 0.411893 0.529128 0.447938 0.518152 0.448424
9 0.505628 0.425871 0.516605 0.425386 0.517501 0.461434 0.506525 0.461919
8 0.505844 0.462911 0.516820 0.462426 0.517717 0.498471 0.506741 0.498956
0 0.536007 0.433171 0.549355 0.433171 0.549355 0.455856 0.536007 0.455856
1 0.533961 0.403026 0.547309 0.403026 0.547309 0.425708 0.533961 0.425708
6 0.533961 0.375747 0.547309 0.375747 0.547309 0.398433 0.533961 0.398433
2 0.553135 0.423409 0.568628 0.423409 0.568628 0.453836 0.553135 0.453836
3 0.550332 0.392262 0.567113 0.392262 0.567113 0.422688 0.550332 0.422688
4 0.550119 0.364683 0.567113 0.364683 0.567113 0.391680 0.550119 0.391680
14 0.645455 0.255874 0.671738 0.246550 0.695656 0.366407 0.669373 0.375732
15 0.904691 0.522628 0.935768 0.506970 0.947290 0.547627 0.916213 0.563284
12 0.471716 0.506812 0.482698 0.506812 0.482698 0.529497 0.471716 0.529497
