7 0.403304 0.573750 0.416283 0.579641 0.408109 0.611657 0.395130 0.605765
12 0.351376 0.541693 0.362716 0.541693 0.362716 0.560635 0.351376 0.560635
15 0.719520 0.593288 0.745564 0.607601 0.734280 0.644103 0.708236 0.629790
14 0.543328 0.681900 0.565529 0.694162 0.531600 0.803377 0.509399 0.791116
4 0.434559 0.607659 0.450627 0.607659 0.450627 0.632910 0.434559 0.632910
3 0.426833 0.638399 0.442902 0.638399 0.442902 0.663651 0.426833 0.663651
2 0.420786 0.667474 0.436855 0.667474 0.436855 0.692725 0.420786 0.692725
6 0.424025 0.577748 0.435491 0.577748 0.435491 0.595694 0.424025 0.595694
1 0.415801 0.608155 0.427267 0.608155 0.427267 0.626101 0.415801 0.626101
0 0.409697 0.637897 0.421161 0.637897 0.421161 0.655843 0.409697 0.655843
8 0.382745 0.600002 0.395722 0.605892 0.387421 0.638405 0.374444 0.632514
9 0.390469 0.562454 0.403446 0.568344 0.395272 0.600356 0.382296 0.594466
5 0.395789 0.612540 0.408766 0.618430 0.400592 0.650442 0.387616 0.644552
