15 0.795098 0.307500 0.822286 0.286823 0.836906 0.320999 0.809718 0.341676
12 0.390967 0.357907 0.400064 0.357907 0.400064 0.378677 0.390967 0.378677
5 0.423041 0.304878 0.434779 0.299305 0.442981 0.330016 0.431243 0.335589
7 0.416382 0.266738 0.428122 0.261163 0.436324 0.291874 0.424583 0.297448
9 0.408599 0.280973 0.418891 0.277296 0.424218 0.303805 0.413926 0.307482
8 0.414181 0.317407 0.424473 0.313731 0.430541 0.343925 0.420249 0.347602
0 0.438447 0.276822 0.451282 0.276822 0.451282 0.298588 0.438447 0.298588
1 0.433269 0.249147 0.446104 0.249147 0.446104 0.270916 0.433269 0.270916
6 0.428658 0.222232 0.441493 0.222232 0.441493 0.243998 0.428658 0.243998
2 0.454330 0.266928 0.470040 0.266928 0.470040 0.294511 0.454330 0.294511
3 0.448041 0.238591 0.462622 0.238591 0.462622 0.264851 0.448041 0.264851
4 0.442118 0.210020 0.456696 0.210020 0.456696 0.237272 0.442118 0.237272
14 0.513135 0.090633 0.536416 0.075156 0.574234 0.176292 0.550953 0.191769
