14 0.510374 0.169467 0.534364 0.153866 0.565043 0.237735 0.541053 0.253337
4 0.437507 0.279104 0.452086 0.279104 0.452086 0.303896 0.437507 0.303896
3 0.442684 0.304861 0.457259 0.304861 0.457259 0.329653 0.442684 0.329653
2 0.449405 0.331118 0.463368 0.331118 0.463368 0.357242 0.449405 0.357242
6 0.425007 0.289914 0.435980 0.289914 0.435980 0.310400 0.425007 0.310400
1 0.429117 0.313952 0.440092 0.313952 0.440092 0.334441 0.429117 0.334441
0 0.434521 0.340443 0.445496 0.340443 0.445496 0.360929 0.434521 0.360929
8 0.410267 0.378021 0.420820 0.374303 0.426333 0.402122 0.415780 0.405839
9 0.403986 0.346144 0.414539 0.342426 0.419226 0.366082 0.408673 0.369800
7 0.412428 0.331373 0.422809 0.326876 0.429925 0.356077 0.419544 0.360575
5 0.418946 0.364207 0.429327 0.359710 0.436444 0.388915 0.426063 0.393412
12 0.387498 0.415142 0.396220 0.415142 0.396220 0.436187 0.387498 0.436187
15 0.789886 0.373818 0.812910 0.349223 0.830181 0.377968 0.807157 0.402562
