14 0.663274 0.608107 0.687219 0.619601 0.657304 0.730391 0.633359 0.718897
12 0.453700 0.485364 0.465174 0.485364 0.465174 0.507275 0.453700 0.507275
5 0.506397 0.551329 0.519695 0.556682 0.511522 0.592775 0.498224 0.587422
7 0.510389 0.508964 0.525088 0.514881 0.516915 0.550974 0.502216 0.545056
9 0.495882 0.499390 0.510584 0.505308 0.502411 0.541401 0.487710 0.535482
8 0.491396 0.542660 0.506097 0.548579 0.497925 0.584671 0.483223 0.578753
0 0.521233 0.575483 0.534864 0.575483 0.534864 0.597407 0.521233 0.597407
1 0.525020 0.542216 0.538651 0.542216 0.538651 0.564137 0.525020 0.564137
6 0.531979 0.509038 0.544182 0.509038 0.544182 0.528661 0.531979 0.528661
2 0.533963 0.605979 0.550992 0.605979 0.550992 0.631481 0.533963 0.631481
3 0.538544 0.575241 0.555573 0.575241 0.555573 0.600741 0.538544 0.600741
4 0.544824 0.541025 0.561853 0.541025 0.561853 0.566524 0.544824 0.566524
15 0.849233 0.463960 0.875178 0.480832 0.862749 0.514810 0.836804 0.497938
