12 0.468703 0.488175 0.479048 0.488175 0.479048 0.512930 0.468703 0.512930
5 0.493925 0.416474 0.505426 0.407585 0.519681 0.440374 0.508180 0.449264
15 0.921002 0.301928 0.945001 0.268676 0.971689 0.302920 0.947690 0.336172
14 0.559533 0.142091 0.586121 0.115570 0.645234 0.220929 0.618646 0.247449
4 0.495100 0.310872 0.511473 0.296313 0.523647 0.320652 0.507274 0.335212
3 0.506566 0.342108 0.522937 0.327551 0.535111 0.351890 0.518740 0.366447
2 0.519274 0.372187 0.535645 0.357630 0.547819 0.381970 0.531448 0.396527
6 0.482575 0.326433 0.494394 0.315923 0.504766 0.336659 0.492947 0.347169
1 0.493295 0.356509 0.505114 0.345999 0.515485 0.366735 0.503666 0.377245
0 0.504639 0.385924 0.516458 0.375414 0.526829 0.396150 0.515010 0.406659
8 0.487178 0.436347 0.497325 0.428504 0.510523 0.458862 0.500376 0.466704
9 0.473996 0.398403 0.484143 0.390561 0.494960 0.415442 0.484813 0.423285
7 0.480170 0.378085 0.491671 0.369195 0.505926 0.401985 0.494425 0.410874
