2 0.383255 0.494876 0.409884 0.503008 0.403306 0.541305 0.376676 0.533173
9 0.326397 0.372875 0.343259 0.378190 0.331599 0.443953 0.314737 0.438639
7 0.343711 0.377948 0.366153 0.385022 0.354493 0.450789 0.332051 0.443715
5 0.332816 0.444684 0.354274 0.451447 0.342318 0.518884 0.320860 0.512121
12 0.256511 0.409997 0.271656 0.415521 0.266290 0.441677 0.251144 0.436152
6 0.377655 0.357631 0.399229 0.364219 0.393620 0.396873 0.372046 0.390284
1 0.369257 0.409027 0.390831 0.415615 0.385222 0.448268 0.363648 0.441680
0 0.360400 0.462886 0.381974 0.469474 0.376366 0.502124 0.354792 0.495536
8 0.314934 0.439390 0.331796 0.444704 0.320136 0.510471 0.303274 0.505157
15 0.668842 0.514275 0.701450 0.524233 0.694283 0.565957 0.661675 0.555999
14 0.574864 0.397113 0.612402 0.407934 0.574612 0.640982 0.537074 0.630161
4 0.400159 0.385907 0.426791 0.394040 0.420213 0.432337 0.393581 0.424204
3 0.391546 0.440745 0.418178 0.448878 0.411599 0.487178 0.384967 0.479046
