12 0.206947 0.639805 0.226641 0.634080 0.231815 0.665724 0.212122 0.671449
15 0.649886 0.464879 0.691993 0.451815 0.701589 0.506801 0.659483 0.519865
14 0.520038 0.430293 0.562145 0.417228 0.599394 0.630656 0.557288 0.643721
4 0.343150 0.515810 0.374683 0.515810 0.374683 0.560248 0.343150 0.560248
3 0.356587 0.574729 0.388120 0.574729 0.388120 0.619163 0.356587 0.619163
2 0.367314 0.633641 0.398849 0.633641 0.398849 0.678075 0.367314 0.678075
6 0.311756 0.503747 0.335789 0.503747 0.335789 0.539236 0.311756 0.539236
1 0.322093 0.561974 0.346126 0.561974 0.346126 0.597464 0.322093 0.597464
0 0.333338 0.618654 0.357371 0.618654 0.357371 0.654140 0.333338 0.654140
8 0.274614 0.631230 0.295187 0.624136 0.308184 0.691141 0.287611 0.698235
9 0.260167 0.552129 0.280740 0.545035 0.295949 0.623450 0.275376 0.630544
7 0.280995 0.545138 0.304716 0.536959 0.319925 0.615371 0.296204 0.623551
5 0.295966 0.624197 0.319690 0.616017 0.333235 0.685852 0.309512 0.694033
