5 0.387071 0.509679 0.414657 0.507816 0.417644 0.586429 0.390058 0.588292
3 0.454038 0.480427 0.487426 0.480427 0.487426 0.528770 0.454038 0.528770
4 0.453145 0.413436 0.486533 0.413436 0.486533 0.461779 0.453145 0.461779
14 0.662701 0.366184 0.703678 0.366184 0.703678 0.627900 0.662701 0.627900
2 0.457810 0.545509 0.490129 0.545509 0.490129 0.591468 0.457810 0.591468
15 0.787925 0.453652 0.828373 0.451486 0.830041 0.506858 0.789593 0.509024
6 0.422098 0.389745 0.446156 0.389745 0.446156 0.428522 0.422098 0.428522
1 0.422996 0.454349 0.447054 0.454349 0.447054 0.493125 0.422996 0.493125
0 0.424975 0.519557 0.449033 0.519557 0.449033 0.558333 0.424975 0.558333
8 0.366511 0.511430 0.386421 0.510086 0.389407 0.588695 0.369497 0.590040
9 0.363172 0.432214 0.383082 0.430869 0.386069 0.509479 0.366159 0.510824
12 0.292897 0.497434 0.310484 0.497434 0.310484 0.533085 0.292897 0.533085
7 0.383487 0.430099 0.411076 0.428236 0.414062 0.506845 0.386474 0.508709
