15 0.803780 0.519249 0.835781 0.519249 0.835781 0.560926 0.803780 0.560926
14 0.616751 0.610233 0.642371 0.627340 0.596689 0.748973 0.571069 0.731867
12 0.419214 0.457024 0.431773 0.457024 0.431773 0.479153 0.419214 0.479153
5 0.466087 0.531908 0.477972 0.537333 0.467715 0.577276 0.455830 0.571850
7 0.474182 0.487175 0.486067 0.492601 0.475810 0.532544 0.463926 0.527118
9 0.462369 0.476808 0.474254 0.482234 0.463997 0.522176 0.452113 0.516751
8 0.452798 0.521074 0.464683 0.526500 0.454427 0.566439 0.442542 0.561014
0 0.477235 0.560704 0.489509 0.560704 0.489509 0.582639 0.477235 0.582639
1 0.484412 0.528403 0.496684 0.528403 0.496684 0.550337 0.484412 0.550337
6 0.492188 0.494706 0.504462 0.494706 0.504462 0.516640 0.492188 0.516640
2 0.488299 0.597192 0.504164 0.597192 0.504164 0.623717 0.488299 0.623717
3 0.495027 0.563595 0.510893 0.563595 0.510893 0.590116 0.495027 0.590116
4 0.503103 0.530096 0.518968 0.530096 0.518968 0.556620 0.503103 0.556620
