12 0.383465 0.524600 0.395868 0.524600 0.395868 0.547338 0.383465 0.547338
4 0.441820 0.386828 0.457684 0.381867 0.462168 0.407359 0.446304 0.412320
15 0.789508 0.517263 0.816319 0.498256 0.829899 0.532310 0.803088 0.551317
3 0.445433 0.415740 0.461298 0.410779 0.465782 0.436271 0.449918 0.441232
2 0.450297 0.444232 0.466161 0.439271 0.470646 0.464766 0.454782 0.469727
6 0.427493 0.395607 0.440710 0.391473 0.444591 0.413533 0.431373 0.417667
1 0.430982 0.422693 0.444198 0.418560 0.448078 0.440617 0.434862 0.444750
0 0.435821 0.451976 0.449039 0.447842 0.452919 0.469899 0.439701 0.474033
8 0.411027 0.486112 0.421796 0.482744 0.427152 0.513191 0.416383 0.516558
9 0.406727 0.452980 0.417494 0.449613 0.421609 0.473006 0.410842 0.476373
7 0.415828 0.435165 0.427904 0.431389 0.433822 0.465030 0.421746 0.468806
5 0.420848 0.472662 0.432924 0.468886 0.438842 0.502530 0.426766 0.506306
14 0.523302 0.273171 0.549924 0.260671 0.576390 0.360876 0.549768 0.373376
