15 0.756374 0.495136 0.785161 0.495136 0.785161 0.532354 0.756374 0.532354
12 0.350409 0.481931 0.364053 0.481931 0.364053 0.505913 0.350409 0.505913
5 0.402948 0.551732 0.417118 0.558017 0.406211 0.601733 0.392041 0.595448
7 0.411495 0.505070 0.425662 0.511353 0.414755 0.555069 0.400588 0.548786
9 0.397370 0.496068 0.411538 0.502352 0.400631 0.546068 0.386463 0.539784
8 0.387906 0.543062 0.402073 0.549346 0.391166 0.593062 0.376999 0.586778
14 0.565520 0.612640 0.591248 0.627414 0.548664 0.759252 0.522936 0.744478
0 0.417096 0.581495 0.429660 0.581495 0.429660 0.603231 0.417096 0.603231
1 0.422966 0.547632 0.435531 0.547632 0.435531 0.569372 0.422966 0.569372
6 0.431171 0.512877 0.443735 0.512877 0.443735 0.534616 0.431171 0.534616
2 0.429196 0.613681 0.446429 0.613681 0.446429 0.640410 0.429196 0.640410
3 0.437450 0.581554 0.453026 0.581554 0.453026 0.606052 0.437450 0.606052
4 0.444516 0.545559 0.461235 0.545559 0.461235 0.572553 0.444516 0.572553
