1 0.463710 0.487808 0.484189 0.487808 0.484189 0.518912 0.463710 0.518912
0 0.463666 0.538254 0.484144 0.538254 0.484144 0.569358 0.463666 0.569358
8 0.417346 0.529977 0.434844 0.529977 0.434844 0.593981 0.417346 0.593981
9 0.417418 0.465476 0.434916 0.465476 0.434916 0.529481 0.417418 0.529481
5 0.434998 0.530225 0.457202 0.530225 0.457202 0.596075 0.434998 0.596075
7 0.434883 0.465642 0.457086 0.465642 0.457086 0.529702 0.434883 0.529702
12 0.357788 0.524593 0.373219 0.524593 0.373219 0.551868 0.357788 0.551868
4 0.488745 0.452923 0.516493 0.452923 0.516493 0.493065 0.488745 0.493065
15 0.751726 0.481961 0.784871 0.481961 0.784871 0.523016 0.751726 0.523016
14 0.648834 0.375813 0.683433 0.375813 0.683433 0.651174 0.648834 0.651174
3 0.487398 0.505962 0.515149 0.505962 0.515149 0.546104 0.487398 0.546104
2 0.489489 0.558899 0.517240 0.558899 0.517240 0.599041 0.489489 0.599041
6 0.464308 0.436181 0.483690 0.436181 0.483690 0.465754 0.464308 0.465754
