5 0.357477 0.484254 0.381838 0.480668 0.387364 0.547406 0.363003 0.550992
2 0.420238 0.508048 0.447318 0.505270 0.449730 0.547074 0.422650 0.549852
6 0.380907 0.378843 0.402077 0.376671 0.403972 0.409500 0.382801 0.411672
1 0.385168 0.433082 0.406338 0.430910 0.408232 0.463740 0.387062 0.465912
0 0.390377 0.488518 0.411401 0.486361 0.413294 0.519161 0.392270 0.521318
8 0.338415 0.486237 0.357065 0.483492 0.362832 0.553148 0.344183 0.555893
9 0.332746 0.416630 0.351395 0.413885 0.357162 0.483538 0.338513 0.486283
7 0.351590 0.414018 0.375949 0.410433 0.381716 0.480086 0.357357 0.483671
12 0.273751 0.484045 0.292861 0.481232 0.295277 0.510410 0.276167 0.513223
3 0.414032 0.451821 0.441112 0.449043 0.443525 0.490847 0.416445 0.493626
4 0.409694 0.396987 0.436774 0.394208 0.439187 0.436016 0.412107 0.438794
14 0.586576 0.325293 0.622119 0.321646 0.635703 0.557035 0.600161 0.560682
15 0.698585 0.402640 0.735343 0.397143 0.739258 0.443673 0.702499 0.449170
