4 0.520300 0.408150 0.564767 0.408150 0.564767 0.432000 0.520300 0.432000
12 0.476856 0.287192 0.509700 0.287192 0.509700 0.304367 0.476856 0.304367
5 0.417289 0.354508 0.487667 0.354508 0.487667 0.375917 0.417289 0.375917
7 0.488433 0.354625 0.558811 0.354625 0.558811 0.376033 0.488433 0.376033
8 0.416767 0.332975 0.487144 0.332975 0.487144 0.354383 0.416767 0.354383
9 0.488433 0.332975 0.558811 0.332975 0.558811 0.354383 0.488433 0.354383
0 0.442011 0.381008 0.473200 0.381008 0.473200 0.401408 0.442011 0.401408
1 0.497411 0.383242 0.534222 0.383242 0.534222 0.403650 0.497411 0.403650
6 0.552656 0.383992 0.589467 0.383992 0.589467 0.404400 0.552656 0.404400
2 0.402856 0.404892 0.447322 0.404892 0.447322 0.428742 0.402856 0.428742
3 0.461578 0.404667 0.506044 0.404667 0.506044 0.428517 0.461578 0.428517
