6 0.461689 0.355642 0.491156 0.355642 0.491156 0.372167 0.461689 0.372167
1 0.417656 0.360900 0.444000 0.360900 0.444000 0.375583 0.417656 0.375583
0 0.375211 0.366583 0.400933 0.366583 0.400933 0.379683 0.375211 0.379683
9 0.394939 0.323189 0.451878 0.315736 0.455861 0.332852 0.398922 0.340306
8 0.340986 0.330245 0.393942 0.323314 0.397925 0.340430 0.344970 0.347361
7 0.399162 0.340465 0.460698 0.332410 0.464683 0.349535 0.403146 0.357590
5 0.345530 0.347679 0.398496 0.340746 0.402481 0.357871 0.349515 0.364804
12 0.376122 0.283192 0.402333 0.283192 0.402333 0.296875 0.376122 0.296875
4 0.441567 0.377475 0.476678 0.377475 0.476678 0.397167 0.441567 0.397167
3 0.397789 0.381942 0.432900 0.381942 0.432900 0.401633 0.397789 0.401633
2 0.351411 0.387250 0.386511 0.387250 0.386511 0.406942 0.351411 0.406942
