9 0.474998 0.438569 0.532167 0.413417 0.539952 0.469341 0.482783 0.494493
5 0.411469 0.524072 0.468638 0.498920 0.476423 0.554848 0.419254 0.580000
7 0.481171 0.499839 0.538340 0.474687 0.546126 0.530615 0.488956 0.555767
6 0.549593 0.551724 0.587377 0.535101 0.595759 0.595322 0.557976 0.611945
4 0.521946 0.632907 0.568599 0.612381 0.579939 0.693844 0.533286 0.714369
3 0.463045 0.653026 0.509700 0.632500 0.521040 0.713962 0.474385 0.734489
2 0.403243 0.672911 0.449896 0.652386 0.461236 0.733848 0.414583 0.754373
1 0.490691 0.571403 0.529515 0.554322 0.538148 0.616344 0.499325 0.633425
0 0.433588 0.589917 0.472411 0.572836 0.481045 0.634858 0.442221 0.651939
12 0.442148 0.274242 0.481243 0.274242 0.481243 0.331856 0.442148 0.331856
8 0.406451 0.462344 0.463621 0.437192 0.471406 0.493119 0.414237 0.518271
