4 0.630125 0.203674 0.656067 0.203674 0.656067 0.232385 0.630125 0.232385
5 0.548615 0.194467 0.579371 0.169549 0.586169 0.196066 0.555412 0.220984
7 0.581663 0.170894 0.613247 0.149453 0.619095 0.176676 0.587511 0.198118
8 0.542238 0.174454 0.573003 0.149530 0.578103 0.169427 0.547339 0.194352
9 0.576175 0.150712 0.608016 0.130555 0.612142 0.151155 0.580301 0.171312
0 0.580258 0.204385 0.599342 0.204385 0.599342 0.225022 0.580258 0.225022
1 0.604108 0.190370 0.623183 0.190370 0.623183 0.211022 0.604108 0.211022
6 0.627750 0.176370 0.646825 0.176370 0.646825 0.199556 0.627750 0.199556
2 0.579642 0.232770 0.605583 0.232770 0.605583 0.261481 0.579642 0.261481
12 0.524483 0.113704 0.541483 0.113704 0.541483 0.132874 0.524483 0.132874
3 0.606483 0.216207 0.628667 0.216207 0.628667 0.244919 0.606483 0.244919
