8 0.366679 0.314517 0.441651 0.314517 0.441651 0.336754 0.366679 0.336754
6 0.502934 0.371484 0.558868 0.371484 0.558868 0.398580 0.502934 0.398580
4 0.441868 0.399865 0.503981 0.399865 0.503981 0.436236 0.441868 0.436236
3 0.361340 0.398480 0.423443 0.398480 0.423443 0.434851 0.361340 0.434851
2 0.288651 0.395589 0.350755 0.395589 0.350755 0.431960 0.288651 0.431960
1 0.427585 0.370831 0.479528 0.370831 0.479528 0.394460 0.427585 0.394460
0 0.348151 0.369908 0.400094 0.369908 0.400094 0.393537 0.348151 0.393537
7 0.438085 0.338949 0.522264 0.338949 0.522264 0.361186 0.438085 0.361186
5 0.349075 0.336541 0.424047 0.336541 0.424047 0.358778 0.349075 0.358778
9 0.455160 0.315327 0.530132 0.315327 0.530132 0.337564 0.455160 0.337564
12 0.461887 0.249290 0.514453 0.249290 0.514453 0.278906 0.461887 0.278906
