4 0.430289 0.323392 0.473311 0.323392 0.473311 0.350542 0.430289 0.350542
9 0.383218 0.259531 0.452528 0.254251 0.455116 0.273361 0.385806 0.278641
8 0.313218 0.265539 0.382528 0.260259 0.385116 0.279369 0.315806 0.284649
7 0.386180 0.279106 0.462487 0.273293 0.465076 0.292403 0.388768 0.298216
5 0.314806 0.285248 0.384116 0.279967 0.386705 0.299077 0.317395 0.304358
12 0.364889 0.209267 0.395144 0.209267 0.395144 0.227733 0.364889 0.227733
0 0.346200 0.308483 0.379422 0.308483 0.379422 0.325608 0.346200 0.325608
1 0.405222 0.303483 0.438444 0.303483 0.438444 0.320617 0.405222 0.320617
6 0.458611 0.300367 0.491833 0.300367 0.491833 0.317500 0.458611 0.317500
2 0.312989 0.331517 0.356000 0.331517 0.356000 0.358667 0.312989 0.358667
3 0.371267 0.327392 0.414278 0.327392 0.414278 0.354542 0.371267 0.354542
