7 0.528790 0.180642 0.554796 0.151640 0.562010 0.172084 0.536004 0.201086
8 0.490769 0.195912 0.517961 0.165586 0.523381 0.180948 0.496189 0.211273
9 0.522997 0.164699 0.546286 0.138727 0.551711 0.154101 0.528422 0.180073
12 0.465775 0.127467 0.484683 0.127467 0.484683 0.147822 0.465775 0.147822
5 0.498875 0.210010 0.527409 0.178189 0.534808 0.199160 0.506275 0.230981
0 0.532683 0.210222 0.550825 0.210222 0.550825 0.230963 0.532683 0.230963
1 0.555575 0.189867 0.573717 0.189867 0.573717 0.210607 0.555575 0.210607
6 0.576167 0.169911 0.594308 0.169911 0.594308 0.190637 0.576167 0.190637
2 0.536133 0.238000 0.558417 0.238000 0.558417 0.270519 0.536133 0.270519
3 0.559175 0.215259 0.581083 0.215259 0.581083 0.247481 0.559175 0.247481
4 0.581633 0.195244 0.605250 0.195244 0.605250 0.227763 0.581633 0.227763
