12 0.481823 0.218236 0.517155 0.218236 0.517155 0.262028 0.481823 0.262028
5 0.431973 0.427804 0.494361 0.423155 0.495708 0.480292 0.433320 0.484940
7 0.496306 0.422477 0.561671 0.417606 0.562945 0.471637 0.497580 0.476508
8 0.431518 0.379193 0.493906 0.374544 0.495022 0.421870 0.432634 0.426519
9 0.495600 0.372962 0.557989 0.368314 0.559104 0.415640 0.496716 0.420289
0 0.453207 0.496486 0.489536 0.496486 0.489536 0.550454 0.453207 0.550454
1 0.503713 0.496045 0.540045 0.496045 0.540045 0.550018 0.503713 0.550018
6 0.554226 0.490295 0.590556 0.490295 0.590556 0.544264 0.554226 0.544264
2 0.424338 0.567266 0.465402 0.567266 0.465402 0.634083 0.424338 0.634083
3 0.474970 0.562174 0.516034 0.562174 0.516034 0.628986 0.474970 0.628986
4 0.526726 0.558192 0.567793 0.558192 0.567793 0.625004 0.526726 0.625004
