3 0.360444 0.319717 0.397522 0.319717 0.397522 0.338850 0.360444 0.338850
12 0.338989 0.222850 0.366322 0.222850 0.366322 0.236308 0.338989 0.236308
2 0.309578 0.329283 0.346644 0.329283 0.346644 0.348417 0.309578 0.348417
1 0.381944 0.295133 0.411600 0.295133 0.411600 0.310933 0.381944 0.310933
6 0.432367 0.286017 0.462033 0.286017 0.462033 0.301808 0.432367 0.301808
4 0.409978 0.309483 0.447056 0.309483 0.447056 0.328617 0.409978 0.328617
0 0.333600 0.305033 0.363256 0.305033 0.363256 0.320833 0.333600 0.320833
9 0.360734 0.265300 0.414955 0.253869 0.419811 0.266825 0.365590 0.278256
8 0.302023 0.277967 0.356255 0.266535 0.361110 0.279491 0.306879 0.290924
7 0.361758 0.279362 0.420675 0.266942 0.426998 0.283813 0.368081 0.296233
5 0.299836 0.292184 0.354067 0.280751 0.358920 0.293699 0.304688 0.305132
