8 0.332435 0.277658 0.409704 0.266456 0.416556 0.293244 0.339287 0.304446
6 0.483698 0.321044 0.540893 0.312752 0.548849 0.343857 0.491654 0.352148
4 0.436950 0.361739 0.498378 0.352833 0.507059 0.386770 0.445631 0.395675
3 0.360724 0.367151 0.422152 0.358245 0.430833 0.392182 0.369405 0.401087
2 0.281932 0.376228 0.343360 0.367322 0.352040 0.401258 0.290612 0.410164
1 0.408470 0.328683 0.461579 0.320984 0.468804 0.349229 0.415695 0.356928
0 0.335149 0.335622 0.388258 0.327923 0.395483 0.356168 0.342374 0.363867
7 0.416263 0.296855 0.493523 0.285654 0.498982 0.306995 0.421722 0.318195
5 0.324386 0.307125 0.401646 0.295924 0.407105 0.317265 0.329845 0.328465
9 0.418726 0.268148 0.495986 0.256947 0.502840 0.283742 0.425580 0.294942
12 0.408160 0.199503 0.462236 0.199503 0.462236 0.226790 0.408160 0.226790
