12 0.461538 0.312884 0.504047 0.312884 0.504047 0.337926 0.461538 0.337926
6 0.540526 0.407504 0.584441 0.396890 0.594483 0.420436 0.550568 0.431051
4 0.505173 0.443616 0.554612 0.431666 0.568694 0.464686 0.519256 0.476636
3 0.441454 0.456849 0.485449 0.446215 0.498188 0.476084 0.454192 0.486718
2 0.378814 0.470997 0.422809 0.460363 0.435545 0.490225 0.391549 0.500859
1 0.478088 0.421518 0.514736 0.412660 0.524270 0.435016 0.487622 0.443874
0 0.414664 0.434842 0.451312 0.425984 0.460846 0.448340 0.424198 0.457198
7 0.474479 0.395862 0.543419 0.379198 0.550436 0.395651 0.481496 0.412314
5 0.401450 0.413167 0.461807 0.397165 0.469691 0.414020 0.409334 0.430022
9 0.480253 0.375404 0.540611 0.359403 0.548492 0.376251 0.488134 0.392252
8 0.405516 0.392038 0.465873 0.376036 0.473758 0.392891 0.413400 0.408893
