9 0.414362 0.203623 0.484946 0.186357 0.494780 0.209140 0.424195 0.226406
12 0.396170 0.125625 0.458264 0.125625 0.458264 0.159638 0.396170 0.159638
6 0.482834 0.249459 0.533662 0.237026 0.545288 0.263964 0.494460 0.276397
4 0.437458 0.294363 0.495742 0.280106 0.510712 0.314792 0.452428 0.329048
3 0.357798 0.309021 0.416072 0.294767 0.431042 0.329452 0.372767 0.343706
2 0.288524 0.324441 0.346808 0.310184 0.361778 0.344870 0.303494 0.359127
1 0.408665 0.264663 0.456272 0.253017 0.467787 0.279698 0.420181 0.291343
0 0.338345 0.279989 0.385951 0.268344 0.397467 0.295025 0.349860 0.306670
7 0.407761 0.230816 0.489076 0.210925 0.498909 0.233708 0.417594 0.253599
5 0.320940 0.250446 0.402255 0.230556 0.412088 0.253339 0.330773 0.273230
8 0.328126 0.222962 0.398711 0.205696 0.408544 0.228480 0.337959 0.245746
