6 0.571989 0.293413 0.627094 0.288319 0.632001 0.318405 0.576896 0.323499
4 0.517588 0.327431 0.576035 0.322029 0.582205 0.359855 0.523757 0.365258
3 0.439201 0.330904 0.497649 0.325502 0.503818 0.363328 0.445370 0.368731
2 0.367436 0.335287 0.425884 0.329884 0.432054 0.367718 0.373607 0.373120
1 0.500230 0.298032 0.548097 0.293607 0.552223 0.318907 0.504356 0.323332
0 0.423710 0.301966 0.471577 0.297542 0.475705 0.322849 0.427838 0.327274
7 0.508240 0.267255 0.593524 0.259372 0.597081 0.281182 0.511797 0.289066
5 0.413673 0.272802 0.498957 0.264919 0.502516 0.286736 0.417231 0.294620
9 0.528217 0.245336 0.594951 0.239168 0.598057 0.258208 0.531322 0.264377
8 0.437650 0.251182 0.504394 0.245012 0.507501 0.264060 0.440757 0.270229
12 0.525774 0.172543 0.578708 0.172543 0.578708 0.202116 0.525774 0.202116
