8 0.480802 0.143736 0.551009 0.143736 0.551009 0.168807 0.480802 0.168807
6 0.600972 0.193984 0.655208 0.193984 0.655208 0.224233 0.600972 0.224233
4 0.550509 0.225611 0.604745 0.225611 0.604745 0.255859 0.550509 0.255859
3 0.479811 0.223871 0.534047 0.223871 0.534047 0.254126 0.479811 0.254126
2 0.414717 0.224368 0.468962 0.224368 0.468962 0.254616 0.414717 0.254616
1 0.534085 0.195824 0.579670 0.195824 0.579670 0.219311 0.534085 0.219311
0 0.467726 0.196683 0.513302 0.196683 0.513302 0.220170 0.467726 0.220170
7 0.544821 0.168920 0.615038 0.168920 0.615038 0.187209 0.544821 0.187209
5 0.466953 0.168999 0.537170 0.168999 0.537170 0.187287 0.466953 0.187287
9 0.559425 0.143544 0.629642 0.143544 0.629642 0.168615 0.559425 0.168615
12 0.565849 0.088196 0.610934 0.088196 0.610934 0.113267 0.565849 0.113267
