4 0.368621 0.503302 0.408187 0.503302 0.408187 0.569810 0.368621 0.569810
5 0.284927 0.364659 0.348959 0.369032 0.347804 0.422498 0.283771 0.418124
7 0.350085 0.366987 0.414118 0.371360 0.412963 0.424826 0.348930 0.420452
8 0.286879 0.311184 0.350909 0.315557 0.349753 0.369027 0.285723 0.364654
12 0.355283 0.187187 0.385382 0.187187 0.385382 0.229996 0.355283 0.229996
3 0.316163 0.500247 0.355729 0.500247 0.355729 0.566755 0.316163 0.566755
2 0.265000 0.496808 0.304563 0.496808 0.304563 0.563316 0.265000 0.563316
6 0.402378 0.442923 0.435913 0.442923 0.435913 0.492593 0.402378 0.492593
1 0.350995 0.441005 0.384102 0.441005 0.384102 0.489153 0.350995 0.489153
0 0.301535 0.438677 0.334214 0.438677 0.334214 0.486071 0.301535 0.486071
9 0.351375 0.314240 0.415408 0.318613 0.414252 0.372083 0.350220 0.367710
