4 0.554878 0.396967 0.594422 0.396967 0.594422 0.420475 0.554878 0.420475
3 0.502556 0.404708 0.542100 0.404708 0.542100 0.428217 0.502556 0.428217
2 0.452567 0.410992 0.492111 0.410992 0.492111 0.434500 0.452567 0.434500
6 0.574656 0.374417 0.606689 0.374417 0.606689 0.392842 0.574656 0.392842
1 0.526244 0.380825 0.558278 0.380825 0.558278 0.399242 0.526244 0.399242
0 0.477111 0.387892 0.509144 0.387892 0.509144 0.406308 0.477111 0.406308
9 0.505989 0.346875 0.572922 0.336388 0.577166 0.351625 0.510234 0.362112
8 0.437589 0.354762 0.504511 0.344277 0.509533 0.362304 0.442611 0.372790
7 0.510201 0.362237 0.577122 0.351752 0.582144 0.369779 0.515222 0.380265
5 0.442690 0.372588 0.509622 0.362101 0.514644 0.380128 0.447711 0.390616
12 0.481733 0.303533 0.519822 0.303533 0.519822 0.321683 0.481733 0.321683
