4 0.659708 0.258207 0.681708 0.258207 0.681708 0.290281 0.659708 0.290281
12 0.573050 0.122370 0.594817 0.122370 0.594817 0.144844 0.573050 0.144844
8 0.585373 0.189286 0.618716 0.182951 0.619960 0.203648 0.586617 0.209983
9 0.619407 0.183020 0.647149 0.177750 0.648393 0.198446 0.620651 0.203717
1 0.638567 0.232963 0.656400 0.232963 0.656400 0.256548 0.638567 0.256548
7 0.621720 0.204028 0.655064 0.197693 0.656663 0.224298 0.623320 0.230632
0 0.613692 0.237007 0.631525 0.237007 0.631525 0.260607 0.613692 0.260607
6 0.661383 0.230756 0.679217 0.230756 0.679217 0.254341 0.661383 0.254341
2 0.609333 0.265763 0.631333 0.265763 0.631333 0.297837 0.609333 0.297837
3 0.634000 0.260800 0.656000 0.260800 0.656000 0.292859 0.634000 0.292859
5 0.587504 0.210844 0.620855 0.204508 0.622455 0.231112 0.589103 0.237448
