9 0.534617 0.332547 0.596247 0.316662 0.604449 0.334697 0.542819 0.350582
4 0.553142 0.412049 0.603838 0.398981 0.618292 0.430764 0.567596 0.443831
3 0.481416 0.426517 0.532121 0.413448 0.546575 0.445230 0.495870 0.458300
2 0.414935 0.438960 0.465640 0.425891 0.480094 0.457673 0.429389 0.470743
1 0.526791 0.386729 0.572702 0.374895 0.583172 0.397916 0.537260 0.409750
0 0.456452 0.399818 0.502364 0.387984 0.512831 0.410998 0.466919 0.422832
7 0.524546 0.356652 0.601545 0.336805 0.609747 0.354840 0.532748 0.374687
5 0.440867 0.374116 0.517865 0.354269 0.526067 0.372304 0.449068 0.392151
8 0.454749 0.349373 0.516379 0.333487 0.524581 0.351522 0.462951 0.367407
12 0.519585 0.261783 0.566000 0.261783 0.566000 0.290945 0.519585 0.290945
6 0.594975 0.372357 0.642280 0.360164 0.655817 0.389930 0.608513 0.402123
