8 0.358255 0.248366 0.422830 0.248366 0.422830 0.267557 0.358255 0.267557
6 0.488151 0.295241 0.533679 0.295241 0.533679 0.319922 0.488151 0.319922
4 0.436877 0.321577 0.494255 0.321577 0.494255 0.354134 0.436877 0.354134
3 0.371302 0.320071 0.428670 0.320071 0.428670 0.352628 0.371302 0.352628
2 0.304613 0.318729 0.361991 0.318729 0.361991 0.351286 0.304613 0.351286
1 0.422264 0.295568 0.463689 0.295568 0.463689 0.317315 0.422264 0.317315
0 0.357151 0.294588 0.398585 0.294588 0.398585 0.316335 0.357151 0.316335
7 0.424906 0.268125 0.501604 0.268125 0.501604 0.287315 0.424906 0.287315
5 0.351160 0.267827 0.415736 0.267827 0.415736 0.287010 0.351160 0.287010
9 0.436774 0.248274 0.501349 0.248274 0.501349 0.267464 0.436774 0.267464
12 0.436632 0.192422 0.476085 0.192422 0.476085 0.216484 0.436632 0.216484
