5 0.470687 0.275596 0.520887 0.286892 0.514636 0.302520 0.464435 0.291225
2 0.449411 0.316867 0.480300 0.316867 0.480300 0.335592 0.449411 0.335592
3 0.491800 0.326592 0.522700 0.326592 0.522700 0.345317 0.491800 0.345317
4 0.530111 0.336792 0.564433 0.336792 0.564433 0.357933 0.530111 0.357933
12 0.523278 0.232250 0.548789 0.232250 0.548789 0.248267 0.523278 0.248267
6 0.558533 0.321742 0.587667 0.321742 0.587667 0.339083 0.558533 0.339083
1 0.520467 0.313600 0.546922 0.313600 0.546922 0.328308 0.520467 0.328308
0 0.480778 0.304233 0.505767 0.304233 0.505767 0.318167 0.480778 0.318167
9 0.527798 0.271697 0.577987 0.282991 0.571736 0.298619 0.521546 0.287326
8 0.477129 0.259839 0.527319 0.271132 0.521071 0.286753 0.470881 0.275459
7 0.521131 0.287456 0.571321 0.298749 0.565069 0.314378 0.514879 0.303084
