6 0.639450 0.218296 0.659517 0.218296 0.659517 0.245393 0.639450 0.245393
12 0.521467 0.152356 0.542550 0.152356 0.542550 0.177185 0.521467 0.177185
5 0.552547 0.247774 0.584124 0.219295 0.591412 0.244833 0.559835 0.273313
9 0.586865 0.220677 0.618442 0.192197 0.625726 0.217723 0.594149 0.246203
8 0.543879 0.224491 0.575448 0.196017 0.582288 0.219984 0.550718 0.248457
9 0.578452 0.197515 0.606871 0.171884 0.613714 0.195863 0.585296 0.221494
0 0.588783 0.255319 0.608850 0.255319 0.608850 0.282415 0.588783 0.282415
1 0.615058 0.235911 0.635125 0.235911 0.635125 0.263007 0.615058 0.263007
2 0.591942 0.290104 0.616367 0.290104 0.616367 0.324889 0.591942 0.324889
3 0.617967 0.267733 0.642383 0.267733 0.642383 0.302533 0.617967 0.302533
4 0.643617 0.250119 0.668042 0.250119 0.668042 0.284919 0.643617 0.284919
