12 0.494640 0.196817 0.531620 0.196817 0.531620 0.238095 0.494640 0.238095
4 0.552927 0.520150 0.594611 0.520150 0.594611 0.588933 0.552927 0.588933
3 0.498748 0.535437 0.539583 0.535437 0.539583 0.604224 0.498748 0.604224
2 0.443274 0.553774 0.484110 0.553774 0.484110 0.622562 0.443274 0.622562
6 0.578289 0.444466 0.614836 0.444466 0.614836 0.499502 0.578289 0.499502
1 0.526691 0.459753 0.563239 0.459753 0.563239 0.514793 0.526691 0.514793
0 0.471421 0.477359 0.507971 0.477359 0.507971 0.532394 0.471421 0.532394
9 0.511579 0.338086 0.575104 0.323418 0.579209 0.379617 0.515685 0.394285
8 0.444503 0.355665 0.508027 0.340998 0.512133 0.397201 0.448609 0.411868
7 0.512870 0.394652 0.582476 0.378580 0.586582 0.434779 0.516976 0.450851
5 0.447343 0.412490 0.510867 0.397823 0.514973 0.454022 0.451449 0.468689
