0 0.494204 0.539802 0.526761 0.539802 0.526761 0.588624 0.494204 0.588624
4 0.562738 0.591314 0.603663 0.591314 0.603663 0.658179 0.562738 0.658179
3 0.511979 0.596623 0.552907 0.596623 0.552907 0.663492 0.511979 0.663492
2 0.462113 0.605644 0.500645 0.605644 0.500645 0.666138 0.462113 0.666138
6 0.592302 0.531327 0.624861 0.531327 0.624861 0.580150 0.592302 0.580150
1 0.543033 0.535044 0.575593 0.535044 0.575593 0.583867 0.543033 0.583867
9 0.535079 0.424317 0.597903 0.416115 0.599671 0.458897 0.536846 0.467099
8 0.471334 0.432324 0.534158 0.424122 0.535925 0.466900 0.473101 0.475102
7 0.536119 0.468335 0.598944 0.460133 0.601021 0.510430 0.538197 0.518632
5 0.472657 0.475491 0.535481 0.467290 0.537559 0.517582 0.474734 0.525784
12 0.528842 0.283404 0.559298 0.283404 0.559298 0.321627 0.528842 0.321627
