4 0.476012 0.435767 0.514539 0.435767 0.514539 0.502086 0.476012 0.502086
12 0.399596 0.165397 0.428686 0.165397 0.428686 0.198422 0.399596 0.198422
5 0.372844 0.354971 0.429094 0.329482 0.436250 0.379394 0.380001 0.404883
7 0.429712 0.330262 0.485959 0.304773 0.493116 0.354690 0.436869 0.380178
8 0.366419 0.313443 0.422669 0.287954 0.428419 0.328060 0.372170 0.353550
9 0.423744 0.287659 0.479991 0.262171 0.485949 0.303725 0.429702 0.329214
0 0.403609 0.408417 0.434970 0.408417 0.434970 0.456173 0.403609 0.456173
1 0.447941 0.388250 0.479303 0.388250 0.479303 0.436005 0.447941 0.436005
6 0.492433 0.368078 0.523795 0.368078 0.523795 0.415833 0.492433 0.415833
2 0.384043 0.474775 0.422569 0.474775 0.422569 0.541093 0.384043 0.541093
3 0.430027 0.455406 0.468554 0.455406 0.468554 0.521728 0.430027 0.521728
