3 0.430551 0.519189 0.474092 0.519189 0.474092 0.588197 0.430551 0.588197
12 0.447135 0.170811 0.477493 0.170811 0.477493 0.213721 0.447135 0.213721
0 0.408266 0.445745 0.446339 0.445745 0.446339 0.506349 0.408266 0.506349
9 0.455727 0.316138 0.523646 0.316138 0.523646 0.369669 0.455727 0.369669
5 0.386801 0.315917 0.454720 0.315917 0.454720 0.369444 0.386801 0.369444
1 0.461153 0.444647 0.499226 0.444647 0.499226 0.505251 0.461153 0.505251
7 0.455975 0.370772 0.523896 0.370772 0.523896 0.429167 0.455975 0.429167
8 0.387426 0.369877 0.455347 0.369877 0.455347 0.428272 0.387426 0.428272
2 0.375556 0.514541 0.419097 0.514541 0.419097 0.583554 0.375556 0.583554
6 0.513906 0.451283 0.551979 0.451283 0.551979 0.511887 0.513906 0.511887
4 0.483800 0.522284 0.527341 0.522284 0.527341 0.591296 0.483800 0.591296
