7 0.398313 0.420675 0.456388 0.400793 0.462759 0.459611 0.404684 0.479493
1 0.404795 0.490477 0.449297 0.475242 0.457018 0.546520 0.412516 0.561756
0 0.344239 0.504952 0.388741 0.489717 0.396463 0.561000 0.351960 0.576235
3 0.377387 0.583317 0.421891 0.568081 0.429612 0.639359 0.385108 0.654595
4 0.436276 0.570147 0.480780 0.554911 0.488501 0.626189 0.443996 0.641425
12 0.369901 0.187504 0.410280 0.187504 0.410280 0.247403 0.369901 0.247403
8 0.328263 0.372748 0.386340 0.352865 0.392712 0.411683 0.334634 0.431566
9 0.394979 0.357465 0.453054 0.337584 0.459425 0.396402 0.401351 0.416283
6 0.461990 0.477258 0.506492 0.462023 0.514213 0.533302 0.469711 0.548537
2 0.317017 0.596482 0.361519 0.581247 0.369241 0.652530 0.324738 0.667765
5 0.327201 0.435159 0.385276 0.415278 0.391648 0.474100 0.333573 0.493982
