12 0.363556 0.305992 0.406611 0.305992 0.406611 0.328675 0.363556 0.328675
5 0.326038 0.376613 0.389327 0.369095 0.393417 0.388462 0.330128 0.395980
7 0.390838 0.369280 0.454127 0.361762 0.458217 0.381129 0.394928 0.388647
8 0.322503 0.361829 0.385792 0.354311 0.389019 0.369596 0.325731 0.377114
9 0.387169 0.354404 0.450458 0.346886 0.453686 0.362171 0.390397 0.369689
4 0.435289 0.408442 0.472189 0.408442 0.472189 0.431142 0.435289 0.431142
0 0.356889 0.395942 0.387644 0.395942 0.387644 0.413625 0.356889 0.413625
1 0.407100 0.390192 0.437856 0.390192 0.437856 0.407875 0.407100 0.407875
6 0.457322 0.385583 0.490111 0.385583 0.490111 0.405167 0.457322 0.405167
2 0.330756 0.418625 0.368678 0.418625 0.368678 0.442458 0.330756 0.442458
3 0.384556 0.414000 0.421444 0.414000 0.421444 0.436708 0.384556 0.436708
