12 0.423393 0.220974 0.455211 0.220974 0.455211 0.264546 0.423393 0.264546
4 0.457659 0.533426 0.493495 0.533426 0.493495 0.595811 0.457659 0.595811
3 0.412622 0.532099 0.448457 0.532099 0.448457 0.594484 0.412622 0.594484
2 0.368705 0.532549 0.404539 0.532549 0.404539 0.594929 0.368705 0.594929
6 0.482669 0.474153 0.514769 0.474153 0.514769 0.523258 0.482669 0.523258
1 0.438874 0.473272 0.470975 0.473272 0.470975 0.522372 0.438874 0.522372
0 0.394955 0.472597 0.427054 0.472597 0.427054 0.521698 0.394955 0.521698
9 0.435139 0.356041 0.491629 0.356041 0.491629 0.401605 0.435139 0.401605
8 0.377411 0.355820 0.433901 0.355820 0.433901 0.401384 0.377411 0.401384
7 0.434392 0.402271 0.490883 0.402271 0.490883 0.455353 0.434392 0.455353
5 0.377282 0.403589 0.433772 0.403589 0.433772 0.456671 0.377282 0.456671
