9 0.399766 0.304594 0.458349 0.298497 0.461401 0.314989 0.402817 0.321086
0 0.369767 0.345392 0.396956 0.345392 0.396956 0.361117 0.369767 0.361117
1 0.417222 0.339775 0.444411 0.339775 0.444411 0.355500 0.417222 0.355500
12 0.385278 0.264400 0.414478 0.264400 0.414478 0.279333 0.385278 0.279333
0 0.343888 0.327677 0.402471 0.321581 0.405523 0.338073 0.346940 0.344169
6 0.466067 0.336317 0.493256 0.336317 0.493256 0.352042 0.466067 0.352042
2 0.344189 0.367075 0.379222 0.367075 0.379222 0.386250 0.344189 0.386250
3 0.393944 0.362242 0.428978 0.362242 0.428978 0.381417 0.393944 0.381417
7 0.402766 0.321527 0.461349 0.315431 0.464401 0.331923 0.405817 0.338019
4 0.440944 0.358442 0.475989 0.358442 0.475989 0.377617 0.440944 0.377617
8 0.340321 0.310986 0.398904 0.304889 0.401957 0.321389 0.343374 0.327486
