0 0.618792 0.339881 0.634517 0.339881 0.634517 0.361689 0.618792 0.361689
12 0.577133 0.239111 0.597033 0.239111 0.597033 0.259748 0.577133 0.259748
5 0.593941 0.322110 0.621003 0.308224 0.624626 0.330542 0.597564 0.344428
7 0.622156 0.310999 0.649218 0.297113 0.652844 0.319445 0.625782 0.333332
8 0.590507 0.303068 0.617569 0.289181 0.620443 0.306888 0.593381 0.320774
9 0.619072 0.292314 0.646142 0.278424 0.649019 0.296145 0.621949 0.310035
1 0.641000 0.332652 0.656725 0.332652 0.656725 0.354474 0.641000 0.354474
6 0.661558 0.327437 0.677283 0.327437 0.677283 0.349244 0.661558 0.349244
2 0.617150 0.369822 0.635833 0.369822 0.635833 0.397422 0.617150 0.397422
4 0.660275 0.354459 0.679608 0.354459 0.679608 0.383659 0.660275 0.383659
3 0.638825 0.359259 0.658167 0.359259 0.658167 0.388444 0.638825 0.388444
