1 0.526167 0.141541 0.544825 0.141541 0.544825 0.161437 0.526167 0.161437
0 0.502517 0.158844 0.521183 0.158844 0.521183 0.178756 0.502517 0.178756
9 0.495843 0.112014 0.522608 0.086607 0.528166 0.105112 0.501401 0.130519
8 0.461416 0.138491 0.493276 0.108248 0.498834 0.126754 0.466974 0.156996
7 0.501248 0.131994 0.529094 0.105561 0.535052 0.125399 0.507206 0.151832
5 0.467643 0.157498 0.499503 0.127255 0.505457 0.147080 0.473597 0.177323
12 0.443275 0.080474 0.460208 0.080474 0.460208 0.098296 0.443275 0.098296
4 0.551983 0.148000 0.574175 0.148000 0.574175 0.177837 0.551983 0.177837
3 0.528758 0.164948 0.550950 0.164948 0.550950 0.194800 0.528758 0.194800
2 0.504808 0.183556 0.527000 0.183556 0.527000 0.213407 0.504808 0.213407
6 0.547317 0.125689 0.565975 0.125689 0.565975 0.145585 0.547317 0.145585
