0 0.546642 0.130311 0.565692 0.130311 0.565692 0.156504 0.546642 0.156504
9 0.535164 0.076672 0.560857 0.045862 0.568844 0.066914 0.543151 0.097723
8 0.499204 0.110203 0.532082 0.070778 0.541738 0.096226 0.508859 0.135652
7 0.543285 0.096719 0.572501 0.061684 0.582157 0.087133 0.552940 0.122167
5 0.509411 0.134653 0.542296 0.095220 0.551956 0.120680 0.519071 0.160114
12 0.477292 0.044519 0.497108 0.044519 0.497108 0.071600 0.477292 0.071600
4 0.597058 0.112252 0.621700 0.112252 0.621700 0.142963 0.597058 0.142963
3 0.574200 0.135733 0.598842 0.135733 0.598842 0.166444 0.574200 0.166444
2 0.552225 0.161926 0.576867 0.161926 0.576867 0.192637 0.552225 0.192637
6 0.589692 0.083793 0.608742 0.083793 0.608742 0.109985 0.589692 0.109985
1 0.569883 0.107289 0.588933 0.107289 0.588933 0.133467 0.569883 0.133467
