2 0.447522 0.389767 0.490333 0.389767 0.490333 0.414658 0.447522 0.414658
12 0.480478 0.262683 0.513922 0.262683 0.513922 0.280300 0.480478 0.280300
5 0.440627 0.343010 0.505435 0.332324 0.511373 0.352581 0.446565 0.363268
7 0.505705 0.331977 0.570512 0.321290 0.576451 0.341548 0.511643 0.352235
8 0.434705 0.322277 0.499512 0.311590 0.505451 0.331848 0.440643 0.342535
9 0.499405 0.311577 0.564212 0.300890 0.570151 0.321148 0.505343 0.331835
0 0.473400 0.363383 0.504589 0.363383 0.504589 0.379808 0.473400 0.379808
1 0.520511 0.353692 0.555000 0.353692 0.555000 0.371833 0.520511 0.371833
4 0.548544 0.373092 0.591356 0.373092 0.591356 0.397983 0.548544 0.397983
3 0.498111 0.381550 0.540922 0.381550 0.540922 0.406442 0.498111 0.406442
6 0.568956 0.347100 0.603444 0.347100 0.603444 0.365250 0.568956 0.365250
