6 0.615350 0.242133 0.634825 0.242133 0.634825 0.267348 0.615350 0.267348
1 0.592275 0.251926 0.611750 0.251926 0.611750 0.277141 0.592275 0.277141
0 0.568792 0.262252 0.588267 0.262252 0.588267 0.287467 0.568792 0.287467
9 0.565222 0.210276 0.591923 0.188543 0.597744 0.211146 0.571043 0.232879
8 0.532414 0.224199 0.559107 0.202472 0.564928 0.225075 0.538235 0.246802
7 0.571572 0.233609 0.598273 0.211877 0.604094 0.234479 0.577393 0.256212
5 0.539056 0.247506 0.565757 0.225773 0.571578 0.248376 0.544877 0.270109
12 0.516292 0.155763 0.534283 0.155763 0.534283 0.177585 0.516292 0.177585
4 0.617583 0.272281 0.641483 0.272281 0.641483 0.304948 0.617583 0.304948
3 0.592400 0.281111 0.616300 0.281111 0.616300 0.313778 0.592400 0.313778
2 0.567725 0.294074 0.589917 0.294074 0.589917 0.324889 0.567725 0.324889
