12 0.362989 0.217050 0.398460 0.217050 0.398460 0.259092 0.362989 0.259092
5 0.335549 0.425083 0.399830 0.405754 0.405438 0.464697 0.341157 0.484025
7 0.400993 0.405379 0.465276 0.386049 0.470884 0.444992 0.406601 0.464321
8 0.330725 0.371935 0.395005 0.352606 0.399965 0.404736 0.335684 0.424065
9 0.395844 0.352160 0.460124 0.332831 0.465084 0.384961 0.400803 0.404290
0 0.369747 0.488435 0.407073 0.488435 0.407073 0.537981 0.369747 0.537981
1 0.421009 0.474286 0.458333 0.474286 0.458333 0.526499 0.421009 0.526499
6 0.473013 0.460123 0.510340 0.460123 0.510340 0.512337 0.473013 0.512337
2 0.348348 0.560542 0.393380 0.560542 0.393380 0.625573 0.348348 0.625573
3 0.400982 0.544400 0.446999 0.544400 0.446999 0.612522 0.400982 0.612522
4 0.453738 0.530472 0.499757 0.530472 0.499757 0.598589 0.453738 0.598589
