5 0.408591 0.328933 0.481565 0.320035 0.485635 0.338958 0.412662 0.347856
9 0.500330 0.297875 0.565034 0.289985 0.569104 0.308901 0.504400 0.316790
6 0.547988 0.341288 0.596916 0.335322 0.602390 0.360765 0.553461 0.366731
4 0.501239 0.373430 0.554917 0.366885 0.562214 0.400803 0.508536 0.407348
3 0.433993 0.380014 0.487680 0.373468 0.494979 0.407394 0.441292 0.413940
2 0.369087 0.385241 0.422774 0.378695 0.430073 0.412621 0.376386 0.419167
1 0.482436 0.347960 0.527043 0.342521 0.531923 0.365201 0.487315 0.370640
0 0.418068 0.354465 0.462675 0.349026 0.467555 0.371707 0.422947 0.377146
7 0.488506 0.319431 0.561489 0.310532 0.565560 0.329454 0.492577 0.338353
12 0.494802 0.236214 0.543047 0.236214 0.543047 0.261925 0.494802 0.261925
8 0.424179 0.306653 0.488883 0.298764 0.492954 0.317686 0.428250 0.325576
