5 0.451139 0.440947 0.520208 0.417302 0.526733 0.477540 0.457664 0.501185
4 0.570625 0.545944 0.617205 0.545944 0.617205 0.620459 0.570625 0.620459
3 0.513294 0.563779 0.559874 0.563779 0.559874 0.638294 0.513294 0.638294
2 0.455784 0.584475 0.502364 0.584475 0.502364 0.658990 0.455784 0.658990
6 0.594452 0.468541 0.632793 0.468541 0.632793 0.523325 0.594452 0.523325
1 0.538914 0.487650 0.577252 0.487650 0.577252 0.542434 0.538914 0.542434
0 0.483204 0.507399 0.521543 0.507399 0.521543 0.562183 0.483204 0.562183
9 0.513404 0.361151 0.582475 0.337505 0.588429 0.392469 0.519358 0.416115
8 0.444895 0.384810 0.513963 0.361165 0.519917 0.416129 0.450848 0.439774
7 0.520643 0.415207 0.589714 0.391561 0.596239 0.451799 0.527168 0.475445
12 0.493222 0.211036 0.528051 0.211036 0.528051 0.256138 0.493222 0.256138
