4 0.595478 0.370267 0.637467 0.370267 0.637467 0.394117 0.595478 0.394117
12 0.544733 0.258400 0.586222 0.258400 0.586222 0.283800 0.544733 0.283800
5 0.495580 0.327913 0.564252 0.325934 0.565231 0.345054 0.496559 0.347032
7 0.565236 0.325580 0.633919 0.323601 0.634897 0.342712 0.566215 0.344691
8 0.494513 0.308663 0.563185 0.306684 0.564164 0.325804 0.495493 0.327782
9 0.565758 0.305588 0.634429 0.303609 0.635409 0.322729 0.566737 0.324707
0 0.520133 0.349125 0.554478 0.349125 0.554478 0.368725 0.520133 0.368725
1 0.571622 0.346250 0.605967 0.346250 0.605967 0.365858 0.571622 0.365858
6 0.624422 0.347400 0.658756 0.347400 0.658756 0.367008 0.624422 0.367008
2 0.491667 0.370850 0.533644 0.370850 0.533644 0.394700 0.491667 0.394700
3 0.543711 0.370267 0.585700 0.370267 0.585700 0.394117 0.543711 0.394117
