4 0.442068 0.532932 0.485871 0.532932 0.485871 0.603263 0.442068 0.603263
3 0.385588 0.521429 0.429390 0.521429 0.429390 0.591755 0.385588 0.591755
2 0.330608 0.510154 0.373904 0.510154 0.373904 0.578721 0.330608 0.578721
12 0.410451 0.175798 0.446999 0.175798 0.446999 0.225485 0.410451 0.225485
6 0.476037 0.470335 0.510625 0.470335 0.510625 0.528726 0.476037 0.528726
1 0.421793 0.460600 0.456379 0.460600 0.456379 0.518995 0.421793 0.518995
0 0.367684 0.446010 0.402269 0.446010 0.402269 0.504405 0.367684 0.504405
5 0.348763 0.361640 0.416751 0.380351 0.411418 0.441592 0.343430 0.422881
7 0.417820 0.379830 0.480686 0.395139 0.475553 0.461757 0.412687 0.446448
9 0.423176 0.327355 0.482682 0.343543 0.478584 0.391150 0.419079 0.374962
8 0.357378 0.313982 0.416883 0.330170 0.412786 0.377773 0.353280 0.361585
