8 0.550539 0.302707 0.622152 0.307424 0.619876 0.327009 0.548263 0.322292
9 0.639501 0.309419 0.711114 0.314136 0.708838 0.333720 0.637225 0.329003
5 0.525080 0.322916 0.608253 0.328394 0.605977 0.347979 0.522804 0.342500
7 0.614504 0.329607 0.697677 0.335085 0.695401 0.354669 0.612228 0.349191
0 0.523146 0.352107 0.580605 0.355891 0.577552 0.382162 0.520093 0.378377
1 0.596589 0.357803 0.654049 0.361587 0.650996 0.387858 0.593536 0.384073
2 0.460507 0.377280 0.524320 0.381483 0.520455 0.414737 0.456642 0.410534
3 0.535507 0.386307 0.599320 0.390510 0.595455 0.423764 0.531642 0.419561
4 0.613893 0.392557 0.677697 0.396760 0.673833 0.430006 0.610030 0.425804
6 0.677776 0.365774 0.733657 0.369455 0.730149 0.399638 0.674268 0.395957
12 0.650689 0.246193 0.698717 0.246193 0.698717 0.272067 0.650689 0.272067
