7 0.426008 0.360596 0.494768 0.352262 0.496968 0.409638 0.428209 0.417971
12 0.409224 0.167099 0.441173 0.167099 0.441173 0.206380 0.409224 0.206380
5 0.356966 0.370750 0.425725 0.362417 0.427925 0.419792 0.359166 0.428126
8 0.354765 0.317275 0.423524 0.308941 0.425553 0.361861 0.356794 0.370194
9 0.424102 0.307971 0.492861 0.299638 0.494891 0.352558 0.426132 0.360891
0 0.383110 0.439506 0.419444 0.439506 0.419444 0.496574 0.383110 0.496574
1 0.435856 0.433113 0.472190 0.433113 0.472190 0.490181 0.435856 0.490181
6 0.491096 0.425595 0.527431 0.425595 0.527431 0.482659 0.491096 0.482659
2 0.352254 0.514709 0.394556 0.514709 0.394556 0.581949 0.352254 0.581949
3 0.405997 0.505000 0.448299 0.505000 0.448299 0.572240 0.405997 0.572240
4 0.461238 0.499691 0.503539 0.499691 0.503539 0.566931 0.461238 0.566931
