12 0.433000 0.261475 0.472467 0.261475 0.472467 0.279550 0.433000 0.279550
5 0.390764 0.326750 0.453889 0.317975 0.458370 0.336108 0.395245 0.344883
7 0.456076 0.317167 0.519201 0.308392 0.523680 0.326517 0.460555 0.335291
8 0.387630 0.310991 0.450755 0.302216 0.454481 0.317293 0.391356 0.326067
9 0.453374 0.301391 0.516499 0.292616 0.520226 0.307701 0.457101 0.316476
0 0.425122 0.341950 0.454244 0.341950 0.454244 0.357708 0.425122 0.357708
2 0.394456 0.362433 0.435889 0.362433 0.435889 0.383417 0.394456 0.383417
3 0.443656 0.357775 0.485100 0.357775 0.485100 0.378758 0.443656 0.378758
4 0.493589 0.350917 0.535022 0.350917 0.535022 0.371900 0.493589 0.371900
1 0.470089 0.336292 0.499211 0.336292 0.499211 0.352050 0.470089 0.352050
6 0.517789 0.330175 0.546911 0.330175 0.546911 0.345925 0.517789 0.345925
