9 0.545488 0.163694 0.612414 0.148865 0.620163 0.168685 0.553237 0.183514
3 0.480009 0.260876 0.540528 0.247467 0.556019 0.287093 0.495501 0.300502
2 0.404858 0.272068 0.465367 0.258661 0.480859 0.298287 0.420350 0.311694
1 0.533697 0.222897 0.580604 0.212504 0.589935 0.236371 0.543028 0.246764
0 0.459395 0.235241 0.506302 0.224848 0.515633 0.248715 0.468726 0.259108
8 0.459998 0.179164 0.526933 0.164333 0.534681 0.184153 0.467746 0.198984
7 0.532660 0.188959 0.617044 0.170262 0.624792 0.190082 0.540409 0.208779
6 0.610398 0.208813 0.661830 0.197417 0.673819 0.228084 0.622387 0.239479
5 0.438925 0.205927 0.523308 0.187229 0.531056 0.207049 0.446673 0.225746
4 0.556858 0.248922 0.617367 0.235515 0.632859 0.275141 0.572350 0.288548
12 0.532858 0.088849 0.590236 0.088849 0.590236 0.118935 0.532858 0.118935
