0 0.341989 0.348283 0.372544 0.348283 0.372544 0.365192 0.341989 0.365192
8 0.315277 0.306503 0.377492 0.304221 0.378767 0.323772 0.316552 0.326054
7 0.378755 0.324078 0.440970 0.321796 0.442245 0.341347 0.380030 0.343629
5 0.316477 0.326294 0.378692 0.324012 0.379967 0.343572 0.317753 0.345854
12 0.359489 0.263525 0.392122 0.263525 0.392122 0.279983 0.359489 0.279983
4 0.415089 0.366867 0.453033 0.366867 0.453033 0.390667 0.415089 0.390667
3 0.364811 0.367742 0.401333 0.367742 0.401333 0.388417 0.364811 0.388417
2 0.313356 0.370533 0.350156 0.370533 0.350156 0.390775 0.313356 0.390775
6 0.440600 0.346725 0.471156 0.346725 0.471156 0.363633 0.440600 0.363633
1 0.390478 0.346950 0.421033 0.346950 0.421033 0.363858 0.390478 0.363858
9 0.377868 0.308983 0.440072 0.306701 0.441054 0.321767 0.378851 0.324049
