12 0.459025 0.037778 0.481125 0.037778 0.481125 0.063067 0.459025 0.063067
5 0.480254 0.141728 0.516072 0.123709 0.521055 0.155013 0.485236 0.173032
7 0.517620 0.127315 0.553447 0.109292 0.558430 0.140596 0.522603 0.158619
8 0.475448 0.116259 0.511275 0.098236 0.515502 0.124793 0.479675 0.142816
9 0.512925 0.103131 0.543813 0.087593 0.547525 0.110914 0.516637 0.126452
0 0.514150 0.165126 0.533708 0.165126 0.533708 0.193126 0.514150 0.193126
1 0.541708 0.158341 0.561267 0.158341 0.561267 0.186341 0.541708 0.186341
6 0.568125 0.150222 0.587683 0.150222 0.587683 0.178207 0.568125 0.178207
2 0.511483 0.200341 0.535350 0.200341 0.535350 0.239141 0.511483 0.239141
3 0.540317 0.189067 0.564183 0.189067 0.564183 0.227867 0.540317 0.227867
4 0.569017 0.181837 0.592892 0.181837 0.592892 0.220652 0.569017 0.220652
