12 0.426517 0.100548 0.443783 0.100548 0.443783 0.124489 0.426517 0.124489
5 0.456183 0.185460 0.486654 0.152393 0.493801 0.173207 0.463329 0.206274
7 0.488483 0.154986 0.518954 0.121919 0.526101 0.142733 0.495629 0.175800
8 0.446311 0.164621 0.476782 0.131554 0.484189 0.153127 0.453718 0.186194
9 0.481843 0.136004 0.506184 0.109591 0.512223 0.127181 0.487883 0.153594
0 0.490783 0.185452 0.509067 0.185452 0.509067 0.207126 0.490783 0.207126
1 0.513642 0.163763 0.531933 0.163763 0.531933 0.187704 0.513642 0.187704
6 0.534975 0.145022 0.553267 0.145022 0.553267 0.168963 0.534975 0.168963
2 0.495100 0.213896 0.517458 0.213896 0.517458 0.244178 0.495100 0.244178
3 0.517192 0.190622 0.540583 0.190622 0.540583 0.220904 0.517192 0.220904
4 0.540558 0.170741 0.563950 0.170741 0.563950 0.201037 0.540558 0.201037
