7 0.467191 0.257715 0.527990 0.256442 0.528631 0.273651 0.467832 0.274925
3 0.448111 0.304367 0.483011 0.304367 0.483011 0.326958 0.448111 0.326958
2 0.396433 0.304783 0.431333 0.304783 0.431333 0.327375 0.396433 0.327375
6 0.526656 0.280942 0.557667 0.280942 0.557667 0.298917 0.526656 0.298917
1 0.478000 0.281558 0.506767 0.281558 0.506767 0.298750 0.478000 0.298750
0 0.428233 0.282067 0.457000 0.282067 0.457000 0.299250 0.428233 0.299250
9 0.466914 0.239682 0.527712 0.238408 0.528353 0.255610 0.467554 0.256883
8 0.403603 0.241757 0.464401 0.240483 0.465042 0.257685 0.404243 0.258958
5 0.403036 0.259274 0.463834 0.258000 0.464475 0.275201 0.403677 0.276475
0 0.455311 0.190933 0.483578 0.190933 0.483578 0.206758 0.455311 0.206758
4 0.500367 0.303325 0.535267 0.303325 0.535267 0.325917 0.500367 0.325917
