1 0.552492 0.199615 0.568867 0.199615 0.568867 0.221467 0.552492 0.221467
6 0.571092 0.180548 0.587467 0.180548 0.587467 0.202400 0.571092 0.202400
4 0.576942 0.206844 0.596467 0.206844 0.596467 0.233230 0.576942 0.233230
3 0.556458 0.228637 0.575983 0.228637 0.575983 0.255022 0.556458 0.255022
2 0.537117 0.249067 0.555792 0.249067 0.555792 0.275511 0.537117 0.275511
12 0.471750 0.137644 0.488917 0.137644 0.488917 0.157556 0.471750 0.157556
5 0.500987 0.219277 0.528107 0.188087 0.535530 0.208486 0.508410 0.239676
7 0.529171 0.190422 0.556298 0.159223 0.563721 0.179623 0.536594 0.210821
8 0.492193 0.199930 0.519313 0.168740 0.526740 0.189152 0.499621 0.220342
9 0.521570 0.169218 0.548690 0.138027 0.556113 0.158427 0.528993 0.189617
0 0.532100 0.220030 0.547650 0.220030 0.547650 0.238770 0.532100 0.238770
