7 0.455273 0.248682 0.525079 0.246121 0.526171 0.262876 0.456366 0.265437
1 0.467589 0.270633 0.495456 0.270633 0.495456 0.287358 0.467589 0.287358
0 0.415022 0.271817 0.442889 0.271817 0.442889 0.288542 0.415022 0.288542
9 0.454662 0.231482 0.524479 0.228921 0.525571 0.245676 0.455755 0.248237
8 0.385962 0.234226 0.454569 0.231709 0.455593 0.247416 0.386986 0.249932
5 0.388296 0.250534 0.456902 0.248018 0.457927 0.263724 0.389320 0.266241
12 0.447989 0.185817 0.476856 0.185817 0.476856 0.201250 0.447989 0.201250
4 0.488300 0.291233 0.527311 0.291233 0.527311 0.312742 0.488300 0.312742
3 0.436533 0.290933 0.475556 0.290933 0.475556 0.312442 0.436533 0.312442
2 0.380400 0.293325 0.419422 0.293325 0.419422 0.314833 0.380400 0.314833
6 0.520544 0.271233 0.548411 0.271233 0.548411 0.287950 0.520544 0.287950
