4 0.414344 0.239600 0.448544 0.239600 0.448544 0.262300 0.414344 0.262300
3 0.366078 0.242158 0.400278 0.242158 0.400278 0.264867 0.366078 0.264867
2 0.315722 0.246000 0.349922 0.246000 0.349922 0.268708 0.315722 0.268708
6 0.437444 0.218458 0.467300 0.218458 0.467300 0.236700 0.437444 0.236700
1 0.390033 0.221342 0.416467 0.221342 0.416467 0.238917 0.390033 0.238917
0 0.342167 0.224683 0.368589 0.224683 0.368589 0.242267 0.342167 0.242267
9 0.374165 0.185792 0.436098 0.181565 0.437757 0.195233 0.375824 0.199460
8 0.311510 0.189717 0.373443 0.185490 0.375101 0.199150 0.313168 0.203377
7 0.375597 0.199754 0.437530 0.195526 0.439881 0.214905 0.377948 0.219132
5 0.313397 0.204179 0.375330 0.199951 0.377681 0.219321 0.315748 0.223549
12 0.352144 0.135508 0.389189 0.135508 0.389189 0.159817 0.352144 0.159817
