0 0.421722 0.233976 0.456506 0.227519 0.462467 0.245583 0.427683 0.252039
1 0.475324 0.224601 0.509952 0.217691 0.516332 0.235674 0.481703 0.242584
2 0.392135 0.263385 0.437469 0.254338 0.447043 0.281324 0.401709 0.290371
3 0.448391 0.251433 0.493948 0.243040 0.502832 0.270167 0.457275 0.278560
4 0.503059 0.241791 0.548616 0.233399 0.557497 0.260517 0.511940 0.268910
6 0.526262 0.214463 0.563553 0.207594 0.569872 0.226887 0.532580 0.233756
12 0.423817 0.139050 0.462137 0.135572 0.465183 0.154450 0.426863 0.157928
5 0.383032 0.216118 0.457582 0.202384 0.464579 0.223749 0.390029 0.237483
7 0.458721 0.202202 0.533282 0.188466 0.540279 0.209831 0.465718 0.223567
8 0.374187 0.194277 0.448749 0.180541 0.455746 0.201906 0.381184 0.215642
9 0.449987 0.180494 0.524549 0.166758 0.531546 0.188123 0.456984 0.201859
