9 0.687830 0.389384 0.714825 0.385692 0.715612 0.403860 0.688616 0.407553
12 0.648250 0.331156 0.665358 0.331156 0.665358 0.351422 0.648250 0.351422
5 0.656649 0.412325 0.688223 0.408006 0.689151 0.429453 0.657577 0.433772
7 0.689483 0.408236 0.721056 0.403917 0.721984 0.425350 0.690410 0.429669
8 0.655353 0.393594 0.686927 0.389275 0.687713 0.407443 0.656140 0.411762
0 0.680975 0.437778 0.695358 0.437778 0.695358 0.458267 0.680975 0.458267
1 0.703725 0.436000 0.718117 0.436000 0.718117 0.456474 0.703725 0.456474
6 0.721875 0.434207 0.736258 0.434207 0.736258 0.454681 0.721875 0.454681
2 0.677792 0.463126 0.695075 0.463126 0.695075 0.489748 0.677792 0.489748
3 0.699258 0.460563 0.716533 0.460563 0.716533 0.487200 0.699258 0.487200
4 0.719558 0.458785 0.737417 0.458785 0.737417 0.486370 0.719558 0.486370
