3 0.360467 0.294392 0.398678 0.294392 0.398678 0.315700 0.360467 0.315700
7 0.371378 0.248472 0.438613 0.242459 0.441533 0.260820 0.374298 0.266833
8 0.302422 0.236229 0.369646 0.230217 0.372567 0.248587 0.305343 0.254599
5 0.304812 0.254755 0.372047 0.248742 0.374966 0.267103 0.307731 0.273116
12 0.351044 0.185200 0.382100 0.185200 0.382100 0.202517 0.351044 0.202517
9 0.369622 0.230229 0.436846 0.224217 0.439767 0.242587 0.372543 0.248599
0 0.335600 0.275392 0.367467 0.275392 0.367467 0.292092 0.335600 0.292092
1 0.388211 0.270917 0.420089 0.270917 0.420089 0.287625 0.388211 0.287625
6 0.437944 0.266883 0.470444 0.266883 0.470444 0.284750 0.437944 0.284750
2 0.306222 0.299150 0.344433 0.299150 0.344433 0.320458 0.306222 0.320458
4 0.414233 0.289350 0.454333 0.289350 0.454333 0.313417 0.414233 0.313417
