12 0.424311 0.190675 0.467311 0.190675 0.467311 0.213500 0.424311 0.213500
4 0.484656 0.308317 0.531222 0.308317 0.531222 0.335917 0.484656 0.335917
3 0.431922 0.311633 0.474922 0.311633 0.474922 0.334458 0.431922 0.334458
2 0.379856 0.314125 0.422856 0.314125 0.422856 0.336950 0.379856 0.336950
6 0.512133 0.284833 0.545578 0.284833 0.545578 0.304942 0.512133 0.304942
9 0.448710 0.241966 0.514121 0.239738 0.515301 0.259234 0.449891 0.261462
8 0.381366 0.244790 0.446765 0.242563 0.447945 0.262060 0.382546 0.264287
7 0.449599 0.262240 0.514998 0.260013 0.516179 0.279510 0.450779 0.281737
5 0.383810 0.265307 0.449221 0.263080 0.450401 0.282576 0.384991 0.284804
1 0.455756 0.284450 0.498756 0.284450 0.498756 0.307275 0.455756 0.307275
0 0.405489 0.286433 0.448489 0.286433 0.448489 0.309258 0.405489 0.309258
