8 0.458899 0.239813 0.508582 0.245737 0.503629 0.269278 0.453946 0.263354
9 0.543975 0.249202 0.593658 0.255126 0.588704 0.278675 0.539021 0.272751
12 0.552613 0.200249 0.596198 0.200249 0.596198 0.224084 0.552613 0.224084
6 0.579712 0.302636 0.631193 0.308775 0.625128 0.337605 0.573647 0.331467
4 0.524382 0.326358 0.575863 0.332496 0.569797 0.361327 0.518316 0.355189
3 0.451627 0.316329 0.503118 0.322468 0.497052 0.351299 0.445562 0.345160
2 0.382231 0.306592 0.433712 0.312730 0.427646 0.341561 0.376165 0.335423
1 0.505697 0.297136 0.554764 0.302987 0.550058 0.325357 0.500990 0.319506
0 0.437310 0.287477 0.486368 0.293327 0.481662 0.315697 0.432604 0.309848
7 0.521663 0.271023 0.601321 0.280522 0.597780 0.297350 0.518122 0.287852
5 0.439380 0.261741 0.519029 0.271238 0.515488 0.288067 0.435839 0.278570
