4 0.489239 0.522077 0.537609 0.522077 0.537609 0.602954 0.489239 0.602954
5 0.355753 0.437787 0.428360 0.398077 0.438158 0.454700 0.365552 0.494410
1 0.451255 0.465688 0.492113 0.465688 0.492113 0.524912 0.451255 0.524912
0 0.395880 0.494978 0.434938 0.494978 0.434938 0.551032 0.395880 0.551032
3 0.429400 0.551376 0.477770 0.551376 0.477770 0.632257 0.429400 0.632257
8 0.345376 0.380155 0.417983 0.340445 0.427781 0.397068 0.355175 0.436777
9 0.419191 0.341931 0.491795 0.302222 0.501593 0.358845 0.428989 0.398554
7 0.429582 0.399263 0.502187 0.359555 0.511985 0.416178 0.439381 0.455886
2 0.372066 0.576530 0.420437 0.576530 0.420437 0.657407 0.372066 0.657407
6 0.510553 0.435441 0.551411 0.435441 0.551411 0.494665 0.510553 0.494665
12 0.391223 0.184753 0.426339 0.184753 0.426339 0.231892 0.391223 0.231892
