6 0.410344 0.404208 0.441589 0.404208 0.441589 0.419350 0.410344 0.419350
1 0.362233 0.409600 0.393478 0.409600 0.393478 0.424742 0.362233 0.424742
0 0.314267 0.416975 0.345500 0.416975 0.345500 0.432108 0.314267 0.432108
9 0.339583 0.376000 0.398521 0.367568 0.402306 0.382450 0.343368 0.390882
8 0.280182 0.384492 0.339119 0.376060 0.342907 0.390950 0.283969 0.399382
7 0.345017 0.391388 0.403834 0.382494 0.408494 0.399828 0.349678 0.408723
5 0.285223 0.399664 0.344161 0.391232 0.348577 0.408594 0.289639 0.417026
12 0.313933 0.333867 0.347778 0.333867 0.347778 0.350592 0.313933 0.350592
4 0.389478 0.425175 0.429833 0.425175 0.429833 0.445667 0.389478 0.445667
3 0.339711 0.431392 0.380067 0.431392 0.380067 0.451883 0.339711 0.451883
2 0.289244 0.439258 0.329611 0.439258 0.329611 0.459750 0.289244 0.459750
