2 0.414764 0.541605 0.457763 0.541605 0.457763 0.610401 0.414764 0.610401
0 0.444864 0.472809 0.478904 0.472809 0.478904 0.525044 0.444864 0.525044
9 0.482512 0.344869 0.549456 0.331520 0.552694 0.382843 0.485750 0.396192
8 0.414595 0.357656 0.481539 0.344306 0.484777 0.395629 0.417833 0.408978
7 0.484856 0.395145 0.551799 0.381796 0.555365 0.438311 0.488421 0.451661
5 0.416244 0.408298 0.483188 0.394949 0.486754 0.451464 0.419810 0.464813
12 0.471508 0.205608 0.502897 0.205608 0.502897 0.245357 0.471508 0.245357
4 0.521902 0.528840 0.564901 0.528840 0.564901 0.597637 0.521902 0.597637
3 0.468512 0.535212 0.511510 0.535212 0.511510 0.604008 0.468512 0.604008
6 0.549313 0.462593 0.583353 0.462593 0.583353 0.514828 0.549313 0.514828
1 0.496642 0.466415 0.530682 0.466415 0.530682 0.518646 0.496642 0.518646
