4 0.475921 0.302943 0.537112 0.294239 0.546296 0.330828 0.485105 0.339533
12 0.467755 0.135440 0.515557 0.135440 0.515557 0.166768 0.467755 0.166768
8 0.376796 0.221012 0.450649 0.210506 0.456459 0.233655 0.382606 0.244160
9 0.469485 0.210870 0.543339 0.200364 0.549147 0.223505 0.475293 0.234011
5 0.362469 0.247714 0.447279 0.235650 0.453088 0.258791 0.368277 0.270856
7 0.454780 0.239028 0.539591 0.226964 0.545399 0.250105 0.460588 0.262170
0 0.373073 0.278177 0.423372 0.271022 0.430135 0.297967 0.379836 0.305122
1 0.452866 0.270741 0.503165 0.263586 0.509926 0.290524 0.459627 0.297679
2 0.315817 0.315863 0.377017 0.307157 0.386202 0.343754 0.325002 0.352459
3 0.394204 0.307567 0.455404 0.298862 0.464589 0.335458 0.403389 0.344164
6 0.529931 0.260928 0.587895 0.252683 0.596003 0.284988 0.538039 0.293233
