4 0.521977 0.631362 0.567059 0.631362 0.567059 0.699325 0.521977 0.699325
0 0.465573 0.532628 0.500409 0.532628 0.500409 0.588364 0.465573 0.588364
12 0.545079 0.279409 0.582850 0.279409 0.582850 0.330044 0.545079 0.330044
9 0.533759 0.426588 0.597913 0.458003 0.590482 0.505961 0.526329 0.474546
5 0.459947 0.443852 0.524101 0.475266 0.515186 0.532802 0.451033 0.501387
7 0.525047 0.474883 0.589200 0.506298 0.580286 0.563834 0.516132 0.532419
8 0.469066 0.395106 0.533222 0.426522 0.525792 0.474476 0.461636 0.443060
3 0.469874 0.607218 0.514955 0.607218 0.514955 0.675176 0.469874 0.675176
2 0.420898 0.587844 0.464484 0.587844 0.464484 0.649951 0.420898 0.649951
6 0.567098 0.582619 0.601935 0.582619 0.601935 0.638355 0.567098 0.638355
1 0.515838 0.557403 0.550675 0.557403 0.550675 0.613139 0.515838 0.613139
