8 0.413307 0.184500 0.480068 0.178972 0.482637 0.196425 0.415876 0.201953
12 0.463733 0.130133 0.495800 0.130133 0.495800 0.147133 0.463733 0.147133
5 0.416973 0.202234 0.483734 0.196706 0.486305 0.214166 0.419543 0.219694
7 0.484513 0.195736 0.553052 0.190061 0.555820 0.208864 0.487281 0.214539
9 0.481318 0.178484 0.548079 0.172956 0.550648 0.190408 0.483887 0.195936
0 0.444833 0.224192 0.478811 0.224192 0.478811 0.240900 0.444833 0.240900
1 0.498689 0.220167 0.532667 0.220167 0.532667 0.236867 0.498689 0.236867
6 0.555522 0.216708 0.589500 0.216708 0.589500 0.233408 0.555522 0.233408
2 0.415556 0.248242 0.461233 0.248242 0.461233 0.272017 0.415556 0.272017
3 0.471333 0.242692 0.517011 0.242692 0.517011 0.266467 0.471333 0.266467
4 0.525089 0.238950 0.570778 0.238950 0.570778 0.262725 0.525089 0.262725
