1 0.480940 0.524515 0.518016 0.524515 0.518016 0.582906 0.480940 0.582906
12 0.464960 0.253726 0.499174 0.253726 0.499174 0.299806 0.464960 0.299806
5 0.407683 0.446240 0.474643 0.452271 0.473044 0.508416 0.406083 0.502385
7 0.475143 0.452453 0.542101 0.458483 0.540501 0.514628 0.473544 0.508598
8 0.408731 0.395381 0.475691 0.401411 0.474268 0.451369 0.407307 0.445339
9 0.477181 0.402340 0.541182 0.408104 0.539758 0.458061 0.475758 0.452298
0 0.426830 0.520551 0.463906 0.520551 0.463906 0.578942 0.426830 0.578942
6 0.532448 0.527610 0.569524 0.527610 0.569524 0.586001 0.532448 0.586001
2 0.393085 0.589713 0.437922 0.589713 0.437922 0.658730 0.393085 0.658730
3 0.448326 0.591830 0.493162 0.591830 0.493162 0.660851 0.448326 0.660851
4 0.502671 0.596609 0.547507 0.596609 0.547507 0.665626 0.502671 0.665626
