4 0.387933 0.546372 0.438773 0.559718 0.432992 0.629307 0.382152 0.615961
12 0.381451 0.184541 0.422076 0.184541 0.422076 0.237906 0.381451 0.237906
8 0.322561 0.319131 0.377177 0.333469 0.372792 0.386261 0.318176 0.371923
9 0.395348 0.344890 0.449964 0.359228 0.445579 0.412019 0.390963 0.397682
5 0.314607 0.379131 0.369223 0.393469 0.364838 0.446261 0.310222 0.431923
7 0.385718 0.396248 0.440334 0.410586 0.435949 0.463377 0.381333 0.449040
0 0.319421 0.450900 0.362096 0.462102 0.357069 0.522623 0.314394 0.511420
1 0.373491 0.467037 0.416166 0.478240 0.411139 0.538761 0.368464 0.527558
6 0.428828 0.484280 0.472838 0.495834 0.467642 0.558378 0.423633 0.546825
2 0.276824 0.511813 0.327664 0.525159 0.321884 0.594753 0.271044 0.581406
3 0.334600 0.527932 0.385440 0.541279 0.379659 0.610873 0.328819 0.597526
