9 0.625883 0.269345 0.651081 0.253920 0.654784 0.273040 0.629586 0.288465
4 0.672292 0.323422 0.693725 0.323422 0.693725 0.352681 0.672292 0.352681
0 0.626025 0.319452 0.644192 0.319452 0.644192 0.339807 0.626025 0.339807
8 0.594253 0.285132 0.622193 0.268029 0.625897 0.287149 0.597957 0.304253
7 0.630424 0.286644 0.661800 0.267438 0.666409 0.291237 0.635034 0.310443
5 0.598374 0.304553 0.629742 0.285352 0.634351 0.309151 0.602983 0.328352
12 0.580242 0.223022 0.599400 0.223022 0.599400 0.244252 0.580242 0.244252
1 0.649042 0.307970 0.667208 0.307970 0.667208 0.328311 0.649042 0.328311
6 0.669942 0.294252 0.688583 0.294252 0.688583 0.318074 0.669942 0.318074
2 0.625150 0.349111 0.646583 0.349111 0.646583 0.378370 0.625150 0.378370
3 0.648400 0.334919 0.669833 0.334919 0.669833 0.364178 0.648400 0.364178
