8 0.377258 0.363735 0.436443 0.349085 0.443930 0.366229 0.384745 0.380879
6 0.498622 0.386325 0.543862 0.375127 0.554378 0.399207 0.509138 0.410405
4 0.463646 0.423086 0.510966 0.411374 0.523807 0.440777 0.476487 0.452490
3 0.402008 0.434805 0.445447 0.424053 0.457416 0.451459 0.413977 0.462211
2 0.347671 0.446987 0.387704 0.437078 0.397734 0.460044 0.357701 0.469953
1 0.439360 0.398115 0.479384 0.388208 0.489414 0.411175 0.449390 0.421082
0 0.381710 0.408961 0.421744 0.399052 0.431771 0.422012 0.391738 0.431921
7 0.442239 0.370163 0.501424 0.355513 0.508912 0.372657 0.449727 0.387307
5 0.369923 0.385502 0.435318 0.369316 0.443351 0.387708 0.377955 0.403895
9 0.446673 0.349019 0.505858 0.334370 0.513346 0.351514 0.454161 0.366163
12 0.437094 0.284943 0.480000 0.284943 0.480000 0.308757 0.437094 0.308757
